abaqus_u_midpoint = [
                  0.                     0.                     ;
                  2.E-06                 0.                     ;
                  4.E-06                 0.                     ;
                  6.E-06                 6.7626257E-18          ;
                  8.E-06               510.46948E-18            ;
                 10.E-06                 8.5649233E-15          ;
                 12.E-06                73.767036E-15           ;
                 14.E-06               424.02695E-15            ;
                 16.E-06                 1.8455621E-12          ;
                 18.000002E-06           6.5390015E-12          ;
                 20.E-06                19.748224E-12           ;
                 22.E-06                52.45488E-12            ;
                 24.E-06               125.32187E-12            ;
                 26.E-06               273.84338E-12            ;
                 28.E-06               554.34918E-12            ;
                 30.E-06                 1.0501895E-09          ;
                 32.E-06                 1.8771896E-09          ;
                 34.E-06                 3.1873989E-09          ;
                 36.000004E-06           5.1703262E-09          ;
                 38.E-06                 8.0512085E-09          ;
                 40.E-06                12.08636E-09            ;
                 42.E-06                17.556099E-09           ;
                 44.E-06                24.756075E-09           ;
                 46.E-06                33.987778E-09           ;
                 48.E-06                45.548817E-09           ;
                 49.999996E-06          59.722984E-09           ;
                 52.E-06                76.769783E-09           ;
                 54.E-06                96.912621E-09           ;
                 56.E-06               120.32514E-09            ;
                 58.000004E-06         147.1158E-09             ;
                 60.E-06               177.31169E-09            ;
                 62.E-06               210.8437E-09             ;
                 64.E-06               247.53654E-09            ;
                 66.E-06               287.10623E-09            ;
                 68.E-06               329.16864E-09            ;
                 70.E-06               373.25986E-09            ;
                 72.000008E-06         418.867E-09              ;
                 74.E-06               465.46613E-09            ;
                 76.E-06               512.56177E-09            ;
                 77.999992E-06         559.72083E-09            ;
                 80.E-06               606.59399E-09            ;
                 82.E-06               652.92334E-09            ;
                 84.E-06               698.53174E-09            ;
                 86.E-06               743.30011E-09            ;
                 88.E-06               787.13879E-09            ;
                 90.E-06               829.96167E-09            ;
                 92.E-06               871.6698E-09             ;
                 94.000008E-06         912.15497E-09            ;
                 96.E-06               951.31927E-09            ;
                 98.E-06               989.11115E-09            ;
                 99.999992E-06           1.0255669E-06          ;
                102.E-06                 1.0608457E-06          ;
                104.E-06                 1.0952475E-06          ;
                106.E-06                 1.129203E-06           ;
                108.E-06                 1.1632344E-06          ;
                110.E-06                 1.1978873E-06          ;
                112.E-06                 1.2336497E-06          ;
                114.E-06                 1.2708683E-06          ;
                116.00001E-06            1.3096858E-06          ;
                117.99999E-06            1.3500092E-06          ;
                120.E-06                 1.3915193E-06          ;
                121.99999E-06            1.4337221E-06          ;
                124.E-06                 1.4760318E-06          ;
                126.E-06                 1.5178663E-06          ;
                128.E-06                 1.5587392E-06          ;
                130.E-06                 1.5983223E-06          ;
                132.E-06                 1.63647E-06            ;
                134.E-06                 1.6731975E-06          ;
                136.E-06                 1.7086208E-06          ;
                138.E-06                 1.7428722E-06          ;
                140.E-06                 1.7760146E-06          ;
                142.E-06                 1.8079737E-06          ;
                144.00002E-06            1.8385105E-06          ;
                146.00002E-06            1.8672373E-06          ;
                148.E-06                 1.8936802E-06          ;
                149.99998E-06            1.9173692E-06          ;
                152.E-06                 1.9379411E-06          ;
                154.E-06                 1.9552261E-06          ;
                155.99998E-06            1.9692996E-06          ;
                158.E-06                 1.9804842E-06          ;
                160.E-06                 1.989302E-06           ;
                162.E-06                 1.9963831E-06          ;
                164.E-06                 2.0023518E-06          ;
                166.E-06                 2.0077147E-06          ;
                168.E-06                 2.0127745E-06          ;
                170.E-06                 2.017586E-06           ;
                172.E-06                 2.0219667E-06          ;
                174.E-06                 2.0255563E-06          ;
                176.E-06                 2.0279129E-06          ;
                178.E-06                 2.0286236E-06          ;
                180.E-06                 2.0274088E-06          ;
                182.E-06                 2.0241957E-06          ;
                184.E-06                 2.0191455E-06          ;
                186.E-06                 2.012639E-06           ;
                188.00002E-06            2.0052128E-06          ;
                190.00002E-06            1.9974713E-06          ;
                192.E-06                 1.9899895E-06          ;
                193.99998E-06            1.9832273E-06          ;
                196.E-06                 1.9774705E-06          ;
                198.E-06                 1.9728165E-06          ;
                199.99998E-06            1.9691912E-06          ;
                201.99998E-06            1.9664075E-06          ;
                204.E-06                 1.9642373E-06          ;
                206.E-06                 1.9624908E-06          ;
                208.E-06                 1.9610815E-06          ;
                210.E-06                 1.9600636E-06          ;
                212.E-06                 1.9596356E-06          ;
                214.E-06                 1.9601092E-06          ;
                216.E-06                 1.96185E-06            ;
                218.E-06                 1.9651998E-06          ;
                220.E-06                 1.9703987E-06          ;
                222.E-06                 1.9775209E-06          ;
                224.E-06                 1.986437E-06           ;
                226.00002E-06            1.9968117E-06          ;
                228.E-06                 2.0081401E-06          ;
                230.E-06                 2.0198164E-06          ;
                232.00002E-06            2.031225E-06           ;
                234.00002E-06            2.0418401E-06          ;
                235.99998E-06            2.0513132E-06          ;
                237.99998E-06            2.0595379E-06          ;
