%%%
%%%  JOB TITLE : LINEAR DYNAMIC EXPLICIT SOLVER TEST SERIES -- TEST 2: PRESCRIBED DISPLACEMENT (NULL POISSON)
%%%  JOB ID    : {aba4a08c-54d7-4132-be1e-f2da5e4a707c}
%%%  SUBMITED ON : 30 May 2013, 19:49:43
%%%
%%% ------
%%%
%%%  THIS IS STEP  0 : <untitled>

results = [
    1.9999999999999999e-006    4.0000000000000001e-008    2.0000000000000000e-002    0.0000000000000000e+000    0.0000000000000000e+000    0.0000000000000000e+000    0.0000000000000000e+000    0.0000000000000000e+000    -1.3267437759991367e+002 ; 
    3.9999999999999998e-006    8.0000000000000002e-008    2.0000000000000000e-002    -1.3234889800848443e-011    0.0000000000000000e+000    0.0000000000000000e+000    0.0000000000000000e+000    0.0000000000000000e+000    -2.5047645124078159e+002 ; 
    5.9999999999999993e-006    1.1999999999999999e-007    1.9999999999999993e-002    0.0000000000000000e+000    6.7626216825651834e-018    3.3813108412825919e-012    6.7626216825651835e-006    2.8747871580226558e-006    -3.4184714861012816e+002 ; 
    7.9999999999999996e-006    1.6000000000000000e-007    2.0000000000000007e-002    -2.6469779601696886e-011    5.1046920708652934e-016    2.5185329270198205e-010    3.5738176282857818e-004    2.5598407041540772e-004    -4.0102618851684883e+002 ; 
    1.0000000000000001e-005    2.0000000000000002e-007    2.0000000000000007e-002    2.6469779601696886e-011    8.5649176023926262e-015    4.0272241976530485e-009    4.4048312176740425e-003    5.1287271991464619e-003    -4.2909802158096403e+002 ; 
    1.2000000000000002e-005    2.4000000000000008e-007    2.0000000000000035e-002    2.6469779601696886e-011    7.3766991123452065e-014    3.2601036760529721e-008    2.8844649179567698e-002    5.2848288981603042e-002    -4.3335984039155369e+002 ; 
    1.4000000000000003e-005    2.8000000000000007e-007    1.9999999999999993e-002    -5.2939559203393771e-011    4.2402668813438711e-013    1.7512984850546753e-007    1.2931622944005133e-001    3.6186763613483336e-001    -4.2520509917858971e+002 ; 
    1.6000000000000003e-005    3.2000000000000011e-007    2.0000000000000021e-002    0.0000000000000000e+000    1.8455610297142011e-012    7.1076717078990710e-007    4.4750518675161904e-001    1.8614406926220850e+000    -4.1709134543452649e+002 ; 
    1.8000000000000004e-005    3.6000000000000005e-007    1.9999999999999966e-002    1.0587911840678754e-010    6.5389977429599109e-012    2.3467183566228547e-006    1.2793188594337344e+000    7.7196521335275214e+000    -4.1938201695614418e+002 ; 
    2.0000000000000005e-005    4.0000000000000009e-007    2.0000000000000021e-002    0.0000000000000000e+000    1.9748208929787342e-011    6.6046055934137151e-006    3.1528542379256024e+000    2.7004899786921321e+001    -4.3786278300617221e+002 ; 
    2.2000000000000006e-005    4.4000000000000013e-007    2.0000000000000021e-002    0.0000000000000000e+000    5.2454844199494420e-011    1.6353317634853540e-005    6.8934861485392434e+000    8.2202868141094612e+001    -4.7253563439877536e+002 ; 
    2.4000000000000007e-005    4.8000000000000017e-007    2.0000000000000021e-002    0.0000000000000000e+000    1.2532179131449065e-010    3.6433473557498115e-005    1.3646602130287585e+001    2.2268012436590203e+002    -5.1794546118494679e+002 ; 
    2.6000000000000009e-005    5.2000000000000021e-007    2.0000000000000021e-002    0.0000000000000000e+000    2.7384319660128836e-010    7.4260702643398852e-005    2.4830879791911379e+001    5.4591893164963790e+002    -5.6489046682930518e+002 ; 
    2.8000000000000010e-005    5.6000000000000014e-007    1.9999999999999966e-002    -1.0587911840678754e-010    5.5434881925747002e-010    1.4025281132809084e-004    4.2008427302853356e+001    1.2270177137212092e+003    -6.0301765508436608e+002 ; 
    3.0000000000000011e-005    6.0000000000000018e-007    2.0000000000000021e-002    0.0000000000000000e+000    1.0501888729532343e-009    2.4792002684788221e-004    6.6680383714185950e+001    2.5543364348563746e+003    -6.2359841996919238e+002 ; 
    3.2000000000000005e-005    6.4000000000000023e-007    2.0000000000000021e-002    0.0000000000000000e+000    1.8771884119995780e-009    4.1349976952317181e-004    1.0004145842392288e+002    4.9654868264613469e+003    -6.2176599169753399e+002 ; 
    3.4000000000000000e-005    6.8000000000000005e-007    1.9999999999999914e-002    2.1175823681357508e-010    3.1873975343508149e-009    6.5510456117561845e-004    1.4274578339518348e+002    9.0739361119476907e+003    -5.9767159863237907e+002 ; 
    3.5999999999999994e-005    7.1999999999999988e-007    1.9999999999999914e-002    0.0000000000000000e+000    5.1703244119479309e-009    9.9146343879855819e-004    1.9474132347264873e+002    1.5673667600167542e+004    -5.5632470651651488e+002 ; 
    3.7999999999999989e-005    7.5999999999999982e-007    1.9999999999999966e-002    -1.0587911840678754e-010    8.0512056721876283e-009    1.4404406301198483e-003    2.5521664955921349e+002    2.5709224277347250e+004    -5.0623604645070986e+002 ; 
    3.9999999999999983e-005    7.9999999999999965e-007    1.9999999999999914e-002    -2.1175823681357508e-010    1.2086354751836627e-008    2.0175745398244992e-003    3.2267385935752333e+002    4.0202369507596733e+004    -4.5728378964067315e+002 ; 
    4.1999999999999977e-005    8.3999999999999958e-007    1.9999999999999966e-002    -1.0587911840678754e-010    1.7556093818401511e-008    2.7348695332824434e-003    3.9510296372052392e+002    6.0134942592476247e+004    -4.1839540187904635e+002 ; 
    4.3999999999999972e-005    8.7999999999999952e-007    1.9999999999999966e-002    -1.0587911840678754e-010    2.4756069686744087e-008    3.5999879341712874e-003    4.7019873129705331e+002    8.6299271162328980e+004    -3.9564193720016954e+002 ; 
    4.5999999999999966e-005    9.1999999999999934e-007    1.9999999999999914e-002    -2.1175823681357508e-010    3.3987773144448615e-008    4.6158517288522622e-003    5.4554395082444080e+002    1.1914018454740033e+005    -3.9118732423989775e+002 ; 
    4.7999999999999961e-005    9.5999999999999928e-007    1.9999999999999966e-002    -1.0587911840678754e-010    4.5548807317805750e-008    5.7805170866785651e-003    6.1869233626573384e+002    1.5862254103052922e+005    -4.0327497496889089e+002 ; 
    4.9999999999999955e-005    9.9999999999999911e-007    1.9999999999999914e-002    2.1175823681357508e-010    5.9722976645209445e-008    7.0870846637018483e-003    6.8712078574529608e+002    2.0416126991187409e+005    -4.2714622001736655e+002 ; 
    5.1999999999999949e-005    1.0399999999999991e-006    2.0000000000000021e-002    0.0000000000000000e+000    7.6769779788677708e-008    8.5234015717341356e-003    7.4807558325089997e+002    2.5464427962080180e+005    -4.5655065329230257e+002 ; 
    5.3999999999999944e-005    1.0799999999999990e-006    1.9999999999999914e-002    2.1175823681357508e-010    9.6912614608463687e-008    1.0071417409892992e-002    7.9839336230276353e+002    3.0856151425494539e+005    -4.8538806784912617e+002 ; 
    5.5999999999999938e-005    1.1199999999999988e-006    1.9999999999999914e-002    2.1175823681357508e-010    1.2032513268485943e-007    1.1706259038197870e-002    8.3441463921468983e+002    3.6422837135467160e+005    -5.0903952971809412e+002 ; 
    5.7999999999999933e-005    1.1599999999999988e-006    2.0000000000000021e-002    0.0000000000000000e+000    1.4711579265720568e-007    1.3395329986173127e-002    8.5210793963987101e+002    4.2006413727772352e+005    -5.2508443414772216e+002 ; 
    5.9999999999999927e-005    1.1999999999999987e-006    1.9999999999999914e-002    2.1175823681357508e-010    1.7731166777106836e-007    1.5097937556931340e-002    8.4747810851513896e+002    4.7486364052054781e+005    -5.3331062747016620e+002 ; 
    6.1999999999999921e-005    1.2399999999999985e-006    1.9999999999999914e-002    2.1175823681357508e-010    2.1084370524130782e-007    1.6766018735119730e-002    8.1724940991539086e+002    5.2799070550520869e+005    -5.3513852444252291e+002 ; 
