%%%
%%%  JOB TITLE : FINAL TEST: LINEAR TEST 4 -- COMPRESSIVE PULSE LOAD, 40960 ELEMENTS, dt = 6.25e-8
%%%  JOB ID    : {703e7af2-ac51-47cd-8a0f-9a65f9f45bb9}
%%%  SUBMITED ON : 18 Febuary 2014, 07:20:41
%%%
%%% ------
%%%
%%%  THIS IS STEP  0 : Transient analysis with no hourglass control

cpu_04 = [
    2.0000000000000003e-006    0.0000000000000000e+000    0.0000000000000000e+000 ; 
    3.9999999999999947e-006    0.0000000000000000e+000    0.0000000000000000e+000 ; 
    5.9999999999999891e-006    0.0000000000000000e+000    0.0000000000000000e+000 ; 
    7.9999999999999844e-006    0.0000000000000000e+000    0.0000000000000000e+000 ; 
    9.9999999999999788e-006    0.0000000000000000e+000    0.0000000000000000e+000 ; 
    1.1999999999999973e-005    -6.7736180315089040e-008    -1.3840830449826990e+001 ; 
    1.3999999999999968e-005    -1.4835040145062163e-007    -1.3840830449826990e+001 ; 
    1.5999999999999982e-005    -2.3257417533587046e-007    -1.3840830449826990e+001 ; 
    1.8000000000000031e-005    -3.1873140681614103e-007    -1.3840830449826990e+001 ; 
    2.0000000000000080e-005    -4.0659581737154234e-007    -1.3840830449826990e+001 ; 
    2.2000000000000128e-005    -4.9186227767239187e-007    -1.3840830449826990e+001 ; 
    2.4000000000000177e-005    -5.7524902284601107e-007    -1.3840830449826990e+001 ; 
    2.6000000000000225e-005    -6.5185388252798417e-007    -1.3840830449826990e+001 ; 
    2.8000000000000274e-005    -7.2175919890788107e-007    -1.3840830449826990e+001 ; 
    3.0000000000000323e-005    -7.9069261630178144e-007    -1.3840830449826990e+001 ; 
    3.2000000000000371e-005    -8.6673586656097147e-007    -1.3840830449826990e+001 ; 
    3.4000000000000420e-005    -9.4915886093058343e-007    -1.3840830449826990e+001 ; 
    3.6000000000000468e-005    -1.0381719296914072e-006    -1.3840830449826990e+001 ; 
    3.8000000000000517e-005    -1.1299480762382599e-006    -1.3840830449826990e+001 ; 
    4.0000000000000566e-005    -1.2200314195811047e-006    -1.3840830449826990e+001 ; 
    4.2000000000000614e-005    -1.3090781064577951e-006    -1.3840830449826990e+001 ; 
    4.4000000000000663e-005    -1.3889167317979440e-006    -1.3840830449826990e+001 ; 
    4.6000000000000712e-005    -1.4604381739395837e-006    -1.3840830449826990e+001 ; 
    4.8000000000000760e-005    -1.5267495077898907e-006    -1.3840830449826990e+001 ; 
    5.0000000000000809e-005    -1.5975187423217857e-006    -1.3840830449826990e+001 ; 
    5.2000000000000857e-005    -1.6690412258026037e-006    -1.3840830449826990e+001 ; 
    5.4000000000000906e-005    -1.7529433521356798e-006    -1.3840830449826990e+001 ; 
    5.6000000000000955e-005    -1.8423581421568482e-006    -1.3840830449826990e+001 ; 
    5.8000000000001003e-005    -1.9369314266677223e-006    -1.3840830449826990e+001 ; 
    6.0000000000001052e-005    -2.0282169941469441e-006    -1.3840830449826990e+001 ; 
    6.2000000000000992e-005    -2.1190759232623140e-006    -1.3840830449826990e+001 ; 
    6.4000000000000824e-005    -2.1977819401877360e-006    -1.3840830449826990e+001 ; 
    6.6000000000000656e-005    -2.2711231272715637e-006    -1.3840830449826990e+001 ; 
    6.8000000000000487e-005    -2.3391358441610360e-006    -1.3840830449826990e+001 ; 
    7.0000000000000319e-005    -2.4071548812498261e-006    -1.3840830449826990e+001 ; 
    7.2000000000000151e-005    -2.4761517705417100e-006    -1.3840830449826990e+001 ; 
    7.3999999999999983e-005    -2.5566742504903258e-006    -1.3840830449826990e+001 ; 
    7.5999999999999814e-005    -2.6114617124769591e-006    0.0000000000000000e+000 ; 
    7.7999999999999646e-005    -2.6307277530919199e-006    0.0000000000000000e+000 ; 
    7.9999999999999478e-005    -2.6468320317567507e-006    0.0000000000000000e+000 ; 
    8.1999999999999310e-005    -2.6528682860271626e-006    0.0000000000000000e+000 ; 
    8.3999999999999142e-005    -2.6449090424397167e-006    0.0000000000000000e+000 ; 
    8.5999999999998973e-005    -2.6285678550182198e-006    0.0000000000000000e+000 ; 
    8.7999999999998805e-005    -2.6158538610240770e-006    0.0000000000000000e+000 ; 
    8.9999999999998637e-005    -2.6048812129952797e-006    0.0000000000000000e+000 ; 
    9.1999999999998469e-005    -2.6002365731067131e-006    0.0000000000000000e+000 ; 
    9.3999999999998300e-005    -2.6068114676440677e-006    0.0000000000000000e+000 ; 
    9.5999999999998132e-005    -2.6232877780274691e-006    0.0000000000000000e+000 ; 
    9.7999999999997964e-005    -2.6365839582852764e-006    0.0000000000000000e+000 ; 
    9.9999999999997796e-005    -2.6454399408982286e-006    0.0000000000000000e+000 ; 
    1.0199999999999763e-004    -2.6461530677755962e-006    0.0000000000000000e+000 ; 
    1.0399999999999746e-004    -2.6380968868574812e-006    0.0000000000000000e+000 ; 
    1.0599999999999729e-004    -2.6246998406589411e-006    0.0000000000000000e+000 ; 
    1.0799999999999712e-004    -2.6137520205357156e-006    0.0000000000000000e+000 ; 
    1.0999999999999695e-004    -2.6049998226330788e-006    0.0000000000000000e+000 ; 
    1.1199999999999679e-004    -2.6047936618480140e-006    0.0000000000000000e+000 ; 
    1.1399999999999662e-004    -2.6130998714033326e-006    0.0000000000000000e+000 ; 
    1.1599999999999645e-004    -2.6258465853891132e-006    0.0000000000000000e+000 ; 
    1.1799999999999628e-004    -2.6357189965869806e-006    0.0000000000000000e+000 ; 
    1.1999999999999611e-004    -2.6415210535774406e-006    0.0000000000000000e+000 ; 
    1.2199999999999595e-004    -2.6402121515430280e-006    0.0000000000000000e+000 ; 
    1.2399999999999618e-004    -2.6360926874851833e-006    0.0000000000000000e+000 ; 
    1.2599999999999645e-004    -2.6272992291566396e-006    0.0000000000000000e+000 ; 
    1.2799999999999671e-004    -2.6175489212177123e-006    0.0000000000000000e+000 ; 
    1.2999999999999698e-004    -2.6086625264062924e-006    0.0000000000000000e+000 ; 
    1.3199999999999725e-004    -2.6080120455827809e-006    0.0000000000000000e+000 ; 
    1.3399999999999751e-004    -2.6122581076916915e-006    0.0000000000000000e+000 ; 
    1.3599999999999778e-004    -2.6216738186414165e-006    0.0000000000000000e+000 ; 
    1.3799999999999804e-004    -2.6306523980547103e-006    0.0000000000000000e+000 ; 
    1.3999999999999831e-004    -2.6385550047369588e-006    0.0000000000000000e+000 ; 
    1.4199999999999857e-004    -2.6407315634157964e-006    0.0000000000000000e+000 ; 
    1.4399999999999884e-004    -2.6384808696059036e-006    0.0000000000000000e+000 ; 
    1.4599999999999910e-004    -2.6300642568047037e-006    0.0000000000000000e+000 ; 
    1.4799999999999937e-004    -2.6188942559831283e-006    0.0000000000000000e+000 ; 
    1.4999999999999963e-004    -2.6119059732848808e-006    0.0000000000000000e+000 ; 
    1.5199999999999990e-004    -2.6104637094607146e-006    0.0000000000000000e+000 ; 
    1.5400000000000017e-004    -2.6128464886382417e-006    0.0000000000000000e+000 ; 
    1.5600000000000043e-004    -2.6174361412546650e-006    0.0000000000000000e+000 ; 
    1.5800000000000070e-004    -2.6258678055644057e-006    0.0000000000000000e+000 ; 
    1.6000000000000096e-004    -2.6335966307487266e-006    0.0000000000000000e+000 ; 
    1.6200000000000123e-004    -2.6404441165474184e-006    0.0000000000000000e+000 ; 
    1.6400000000000149e-004    -2.6397932343387534e-006    0.0000000000000000e+000 ; 
    1.6600000000000176e-004    -2.6330278934490781e-006    0.0000000000000000e+000 ; 
    1.6800000000000202e-004    -2.6231032799759036e-006    0.0000000000000000e+000 ; 
    1.7000000000000229e-004    -2.6172286848782800e-006    0.0000000000000000e+000 ; 
    1.7200000000000255e-004    -2.6123034987288995e-006    0.0000000000000000e+000 ; 
    1.7400000000000282e-004    -2.6113959747445709e-006    0.0000000000000000e+000 ; 
    1.7600000000000309e-004    -2.6134965711369496e-006    0.0000000000000000e+000 ; 
    1.7800000000000335e-004    -2.6213172007928609e-006    0.0000000000000000e+000 ; 
