abaqus_sigma_xy = [
           0.0000000E+000   0.0000000E+000     ;
           1.5000100E-004   0.0000000E+000     ;
           3.0000199E-004   0.0000000E+000     ;
           4.5000299E-004   0.0000000E+000     ;
           6.0000399E-004   0.0000000E+000     ;
           7.5000501E-004   0.0000000E+000     ;
           9.0000598E-004   0.0000000E+000     ;
           1.0500069E-003   0.0000000E+000     ;
           1.2000080E-003   0.0000000E+000     ;
           1.3500090E-003   0.0000000E+000     ;
           1.5000100E-003   0.0000000E+000     ;
           1.6500111E-003   0.0000000E+000     ;
           1.8000120E-003   0.0000000E+000     ;
           1.9500130E-003   0.0000000E+000     ;
           2.1000139E-003   0.0000000E+000     ;
           2.2500150E-003   0.0000000E+000     ;
           2.4000159E-003   0.0000000E+000     ;
           2.5500171E-003   0.0000000E+000     ;
           2.7000180E-003   0.0000000E+000     ;
           2.8500189E-003   0.0000000E+000     ;
           3.0000200E-003   0.0000000E+000     ;
           3.1500210E-003   0.0000000E+000     ;
           3.3000221E-003   0.0000000E+000     ;
           3.4500230E-003   0.0000000E+000     ;
           3.6000239E-003   0.0000000E+000     ;
           3.7500251E-003   0.0000000E+000     ;
           3.9000260E-003   0.0000000E+000     ;
           4.0500271E-003   0.0000000E+000     ;
           4.2000278E-003   0.0000000E+000     ;
           4.3500289E-003   0.0000000E+000     ;
           4.5000301E-003   0.0000000E+000     ;
           4.6500312E-003   0.0000000E+000     ;
           4.8000319E-003   0.0000000E+000     ;
           4.9500330E-003   0.0000000E+000     ;
           5.1000342E-003   0.0000000E+000     ;
           5.2500349E-003   0.0000000E+000     ;
           5.4000360E-003   0.0000000E+000     ;
           5.5500371E-003   0.0000000E+000     ;
           5.7000378E-003   0.0000000E+000     ;
           5.8500390E-003   0.0000000E+000     ;
           6.0000401E-003   0.0000000E+000     ;
           6.1500408E-003   0.0000000E+000     ;
           6.3000419E-003   0.0000000E+000     ;
           6.4500431E-003   0.0000000E+000     ;
           6.6000442E-003   0.0000000E+000     ;
           6.7500449E-003   0.0000000E+000     ;
           6.9000460E-003   0.0000000E+000     ;
           7.0500472E-003   0.0000000E+000     ;
           7.2000478E-003   0.0000000E+000     ;
           7.3500490E-003   0.0000000E+000     ;
           7.5000501E-003   0.0000000E+000     ;
           7.6500508E-003   0.0000000E+000     ;
           7.8000519E-003   0.0000000E+000     ;
           7.9500526E-003   0.0000000E+000     ;
           8.1000542E-003   0.0000000E+000     ;
           8.2500549E-003   0.0000000E+000     ;
           8.4000556E-003   0.0000000E+000     ;
           8.5500572E-003   0.0000000E+000     ;
           8.7000579E-003   0.0000000E+000     ;
           8.8500585E-003   0.0000000E+000     ;
           9.0000601E-003   0.0000000E+000     ;
           9.1500608E-003   0.0000000E+000     ;
           9.3000624E-003   0.0000000E+000     ;
           9.4500631E-003   0.0000000E+000     ;
           9.6000638E-003   0.0000000E+000     ;
           9.7500654E-003   0.0000000E+000     ;
           9.9000661E-003   0.0000000E+000     ;
           1.0050067E-002   0.0000000E+000     ;
           1.0200068E-002   0.0000000E+000     ;
           1.0350069E-002   0.0000000E+000     ;
           1.0500070E-002   0.0000000E+000     ;
           1.0650071E-002   0.0000000E+000     ;
           1.0800072E-002   0.0000000E+000     ;
           1.0950073E-002   0.0000000E+000     ;
           1.1100074E-002   0.0000000E+000     ;
           1.1250075E-002   0.0000000E+000     ;
           1.1400076E-002   0.0000000E+000     ;
           1.1550077E-002   0.0000000E+000     ;
           1.1700078E-002   0.0000000E+000     ;
           1.1850079E-002   0.0000000E+000     ;
           1.2000080E-002   0.0000000E+000     ;
           1.2150081E-002   0.0000000E+000     ;
           1.2300082E-002   0.0000000E+000     ;
           1.2450083E-002   0.0000000E+000     ;
           1.2600084E-002   0.0000000E+000     ;
           1.2750085E-002   0.0000000E+000     ;
           1.2900086E-002   0.0000000E+000     ;
           1.3050087E-002   0.0000000E+000     ;
           1.3200088E-002   0.0000000E+000     ;
           1.3350089E-002   0.0000000E+000     ;
           1.3500090E-002   0.0000000E+000     ;
           1.3650091E-002   0.0000000E+000     ;
           1.3800092E-002   0.0000000E+000     ;
           1.3950093E-002   0.0000000E+000     ;
           1.4100094E-002   0.0000000E+000     ;
           1.4250095E-002   0.0000000E+000     ;
           1.4400096E-002   0.0000000E+000     ;
           1.4550097E-002   0.0000000E+000     ;
           1.4700098E-002   0.0000000E+000     ;
           1.4850099E-002   0.0000000E+000     ;
           1.5000100E-002   0.0000000E+000     ;
           1.5150101E-002   0.0000000E+000     ;
           1.5300102E-002   0.0000000E+000     ;
           1.5450103E-002   0.0000000E+000     ;
           1.5600104E-002   0.0000000E+000     ;
           1.5750105E-002   0.0000000E+000     ;
           1.5900105E-002   0.0000000E+000     ;
           1.6050108E-002   0.0000000E+000     ;
           1.6200108E-002   0.0000000E+000     ;
           1.6350109E-002   0.0000000E+000     ;
           1.6500110E-002   0.0000000E+000     ;
           1.6650110E-002   0.0000000E+000     ;
           1.6800111E-002   0.0000000E+000     ;
           1.6950114E-002   0.0000000E+000     ;
           1.7100114E-002   0.0000000E+000     ;
           1.7250115E-002   0.0000000E+000     ;
           1.7400116E-002   0.0000000E+000     ;
           1.7550116E-002   0.0000000E+000     ;
           1.7700117E-002   0.0000000E+000     ;
           1.7850120E-002   0.0000000E+000     ;
           1.8000120E-002   0.0000000E+000     ;
           1.8150121E-002   0.0000000E+000     ;
           1.8300122E-002   0.0000000E+000     ;
           1.8450122E-002   0.0000000E+000     ;
           1.8600125E-002   0.0000000E+000     ;
           1.8750126E-002   0.0000000E+000     ;
           1.8900126E-002   0.0000000E+000     ;
           1.9050127E-002   0.0000000E+000     ;
           1.9200128E-002   0.0000000E+000     ;
           1.9350128E-002   0.0000000E+000     ;
           1.9500131E-002   0.0000000E+000     ;
           1.9650131E-002   0.0000000E+000     ;
           1.9800132E-002   0.0000000E+000     ;
           1.9950133E-002   0.0000000E+000     ;
           2.0100133E-002   0.0000000E+000     ;
           2.0250134E-002   0.0000000E+000     ;
           2.0400137E-002   0.0000000E+000     ;
           2.0550137E-002   0.0000000E+000     ;
           2.0700138E-002   0.0000000E+000     ;
           2.0850139E-002   0.0000000E+000     ;
           2.1000139E-002   0.0000000E+000     ;
           2.1150140E-002   0.0000000E+000     ;
           2.1300143E-002   0.0000000E+000     ;
           2.1450143E-002   0.0000000E+000     ;
           2.1600144E-002   0.0000000E+000     ;
           2.1750145E-002   0.0000000E+000     ;
           2.1900145E-002   0.0000000E+000     ;
           2.2050148E-002   0.0000000E+000     ;
           2.2200149E-002   0.0000000E+000     ;
           2.2350149E-002   0.0000000E+000     ;
           2.2500150E-002   0.0000000E+000     ;
           2.2650151E-002   0.0000000E+000     ;
           2.2800151E-002   0.0000000E+000     ;
           2.2950154E-002   0.0000000E+000     ;
           2.3100154E-002   0.0000000E+000     ;
           2.3250155E-002   0.0000000E+000     ;
           2.3400156E-002   0.0000000E+000     ;
           2.3550157E-002   0.0000000E+000     ;
           2.3700157E-002   0.0000000E+000     ;
           2.3850160E-002   0.0000000E+000     ;
           2.4000160E-002   0.0000000E+000     ;
           2.4150161E-002   0.0000000E+000     ;
