abaqus_sigma_zz = [
           0.0000000E+000   0.0000000E+000   ;
           1.5000100E-004   7.6733328E+007   ;
           3.0000199E-004   5.2234624E+007   ;
           4.5000299E-004  -4.5976656E+007   ;
           6.0000399E-004  -7.9808208E+007   ;
           7.5000501E-004  -1.3956849E+006   ;
           9.0000598E-004   7.8811880E+007   ;
           1.0500069E-003   4.7497344E+007   ;
           1.2000080E-003  -5.1305080E+007   ;
           1.3500090E-003  -7.7756216E+007   ;
           1.5000100E-003   5.8558585E+006   ;
           1.6500111E-003   8.0982168E+007   ;
           1.8000120E-003   4.0786484E+007   ;
           1.9500130E-003  -5.7777908E+007   ;
           2.1000139E-003  -7.4290680E+007   ;
           2.2500150E-003   1.5023396E+007   ;
           2.4000159E-003   8.2702408E+007   ;
           2.5500171E-003   3.1863518E+007   ;
           2.7000180E-003  -6.4934848E+007   ;
           2.8500189E-003  -6.8881784E+007   ;
           3.0000200E-003   2.5906804E+007   ;
           3.1500210E-003   8.3278944E+007   ;
           3.3000221E-003   2.0551522E+007   ;
           3.4500230E-003  -7.2120552E+007   ;
           3.6000239E-003  -6.0969696E+007   ;
           3.7500251E-003   3.8108744E+007   ;
           3.9000260E-003   8.1886280E+007   ;
           4.0500271E-003   6.8230065E+006   ;
           4.2000278E-003  -7.8459248E+007   ;
           4.3500289E-003  -5.0047324E+007   ;
           4.5000301E-003   5.0962992E+007   ;
           4.6500312E-003   7.7619480E+007   ;
           4.8000319E-003  -9.0940020E+006   ;
           4.9500330E-003  -8.2856552E+007   ;
           5.1000342E-003  -3.5777240E+007   ;
           5.2500349E-003   6.3476092E+007   ;
           5.4000360E-003   6.9591616E+007   ;
           5.5500371E-003  -2.6601828E+007   ;
           5.7000378E-003  -8.4048008E+007   ;
           5.8500390E-003  -1.8141094E+007   ;
           6.0000401E-003   7.4304720E+007   ;
           6.1500408E-003   5.7085592E+007   ;
           6.3000419E-003  -4.4631396E+007   ;
           6.4500431E-003  -8.0714760E+007   ;
           6.6000442E-003   2.3913393E+006   ;
           6.7500449E-003   8.1797624E+007   ;
           6.9000460E-003   3.9760432E+007   ;
           7.0500472E-003  -6.1585216E+007   ;
           7.2000478E-003  -7.1682080E+007   ;
           7.3500490E-003   2.4701920E+007   ;
           7.5000501E-003   8.4133584E+007   ;
           7.6500508E-003   1.7895630E+007   ;
           7.8000519E-003  -7.5368416E+007   ;
           7.9500526E-003  -5.6203228E+007   ;
           8.1000542E-003   4.6919692E+007   ;
           8.2500549E-003   7.9580728E+007   ;
           8.4000556E-003  -7.3664400E+006   ;
           8.5500572E-003  -8.3555808E+007   ;
           8.7000579E-003  -3.4306472E+007   ;
           8.8500585E-003   6.6436020E+007   ;
           9.0000601E-003   6.6883420E+007   ;
           9.1500608E-003  -3.3848612E+007   ;
           9.3000624E-003  -8.3734552E+007   ;
           9.4500631E-003  -7.1471300E+006   ;
           9.6000638E-003   8.0110224E+007   ;
           9.7500654E-003   4.5746040E+007   ;
           9.9000661E-003  -5.8331628E+007   ;
           1.0050067E-002  -7.4032048E+007   ;
           1.0200068E-002   2.2735602E+007   ;
           1.0350069E-002   8.4723008E+007   ;
           1.0500070E-002   1.7329858E+007   ;
           1.0650071E-002  -7.6815536E+007   ;
           1.0800072E-002  -5.3782848E+007   ;
           1.0950073E-002   5.1393168E+007   ;
           1.1100074E-002   7.7689616E+007   ;
           1.1250075E-002  -1.5382869E+007   ;
           1.1400076E-002  -8.5130840E+007   ;
           1.1550077E-002  -2.4208204E+007   ;
           1.1700078E-002   7.3819456E+007   ;
           1.1850079E-002   5.7960884E+007   ;
           1.2000080E-002  -4.7553528E+007   ;
           1.2150081E-002  -7.9908048E+007   ;
           1.2300082E-002   1.1105862E+007   ;
           1.2450083E-002   8.4784216E+007   ;
           1.2600084E-002   2.6924244E+007   ;
           1.2750085E-002  -7.2983464E+007   ;
           1.2900086E-002  -5.9785224E+007   ;
           1.3050087E-002   4.6208352E+007   ;
           1.3200088E-002   8.0138320E+007   ;
           1.3350089E-002  -1.1004527E+007   ;
           1.3500090E-002  -8.5270488E+007   ;
           1.3650091E-002  -2.6564102E+007   ;
           1.3800092E-002   7.3525616E+007   ;
           1.3950093E-002   5.8391164E+007   ;
           1.4100094E-002  -4.8481480E+007   ;
           1.4250095E-002  -7.9570960E+007   ;
           1.4400096E-002   1.4133330E+007   ;
           1.4550097E-002   8.5475648E+007   ;
           1.4700098E-002   2.2127706E+007   ;
           1.4850099E-002  -7.6362704E+007   ;
           1.5000100E-002  -5.4627576E+007   ;
           1.5150101E-002   5.3218676E+007   ;
           1.5300102E-002   7.6799648E+007   ;
           1.5450103E-002  -2.1361696E+007   ;
           1.5600104E-002  -8.5961480E+007   ;
           1.5750105E-002  -1.4406889E+007   ;
           1.5900105E-002   7.9878224E+007   ;
           1.6050108E-002   4.7057732E+007   ;
           1.6200108E-002  -6.0892816E+007   ;
           1.6350109E-002  -7.2094584E+007   ;
           1.6500110E-002   3.1514656E+007   ;
           1.6650110E-002   8.4678360E+007   ;
           1.6800111E-002   2.3450105E+006   ;
           1.6950114E-002  -8.4018760E+007   ;
           1.7100114E-002  -3.6021564E+007   ;
           1.7250115E-002   6.9583472E+007   ;
           1.7400116E-002   6.3374728E+007   ;
           1.7550116E-002  -4.4884032E+007   ;
           1.7700117E-002  -8.1212344E+007   ;
           1.7850120E-002   1.3062849E+007   ;
           1.8000120E-002   8.6145288E+007   ;
           1.8150121E-002   2.0071970E+007   ;
           1.8300122E-002  -7.8692128E+007   ;
           1.8450122E-002  -5.0422672E+007   ;
           1.8600125E-002   5.9323056E+007   ;
           1.8750126E-002   7.2809320E+007   ;
           1.8900126E-002  -3.2016614E+007   ;
           1.9050127E-002  -8.5119080E+007   ;
           1.9200128E-002  -1.9222969E+004   ;
           1.9350128E-002   8.4974616E+007   ;
           1.9500131E-002   3.1402754E+007   ;
           1.9650131E-002  -7.3635288E+007   ;
           1.9800132E-002  -5.8690492E+007   ;
           1.9950133E-002   5.2017964E+007   ;
           2.0100133E-002   7.7505504E+007   ;
           2.0250134E-002  -2.4115508E+007   ;
           2.0400137E-002  -8.6472432E+007   ;
           2.0550137E-002  -7.1006655E+006   ;
           2.0700138E-002   8.3798472E+007   ;
           2.0850139E-002   3.6767312E+007   ;
           2.1000139E-002  -7.1034320E+007   ;
           2.1150140E-002  -6.2011184E+007   ;
           2.1300143E-002   4.9153952E+007   ;
           2.1450143E-002   7.9031496E+007   ;
           2.1600144E-002  -2.1902378E+007   ;
           2.1750145E-002  -8.6861888E+007   ;
           2.1900145E-002  -8.1229790E+006   ;
           2.2050148E-002   8.3948304E+007   ;
           2.2200149E-002   3.6562088E+007   ;
           2.2350149E-002  -7.1812320E+007   ;
           2.2500150E-002  -6.0978996E+007   ;
           2.2650151E-002   5.1226892E+007   ;
           2.2800151E-002   7.7942752E+007   ;
           2.2950154E-002  -2.5542404E+007   ;
           2.3100154E-002  -8.6636592E+007   ;
           2.3250155E-002  -3.0799245E+006   ;
           2.3400156E-002   8.5497032E+007   ;
           2.3550157E-002   3.0744078E+007   ;
           2.3700157E-002  -7.5800648E+007   ;
           2.3850160E-002  -5.5342108E+007   ;
           2.4000160E-002   5.7949292E+007   ;
           2.4150161E-002   7.3670248E+007   ;
           2.4300162E-002  -3.4808876E+007   ;
           2.4450162E-002  -8.4887984E+007   ;
           2.4600163E-002   8.0574185E+006   ;
           2.4750166E-002   8.7269128E+007   ;
           2.4900166E-002   1.8855246E+007   ;
           2.5050167E-002  -8.1707960E+007   ;
           2.5200168E-002  -4.4101040E+007   ;
