abaqus_v_bottom_y = [
                  0.                     0.                ;
                  2.E-06                 0.                ;
                  4.E-06                 0.                ;
                  6.E-06                 0.                ;
                  8.E-06                 0.                ;
                 10.E-06                 0.                ;
                 12.E-06                -2.3967271E-06     ;
                 14.E-06               -31.801723E-06      ;
                 16.E-06              -113.2823E-06        ;
                 18.000002E-06        -249.50682E-06       ;
                 20.E-06              -417.67624E-06       ;
                 22.E-06              -575.77997E-06       ;
                 24.E-06              -676.22388E-06       ;
                 26.E-06              -682.28253E-06       ;
                 28.E-06              -581.75024E-06       ;
                 30.E-06              -392.97629E-06       ;
                 32.E-06              -160.92746E-06       ;
                 34.E-06                55.766159E-06      ;
                 36.000004E-06         202.7742E-06        ;
                 38.E-06               247.24016E-06       ;
                 40.E-06               188.476E-06         ;
                 42.E-06                58.482124E-06      ;
                 44.E-06               -88.14254E-06       ;
                 46.E-06              -191.86125E-06       ;
                 48.E-06              -207.84413E-06       ;
                 49.999996E-06        -121.2369E-06        ;
                 52.E-06                47.018597E-06      ;
                 54.E-06               245.924E-06         ;
                 56.E-06               410.13644E-06       ;
                 58.000004E-06         480.81436E-06       ;
                 60.E-06               425.0159E-06        ;
                 62.E-06               247.40858E-06       ;
                 64.E-06                -9.5987492E-06     ;
                 66.E-06              -277.5751E-06        ;
                 68.E-06              -482.15836E-06       ;
                 70.E-06              -565.35938E-06       ;
                 72.000008E-06        -503.16626E-06       ;
                 74.E-06              -312.96176E-06       ;
                 76.E-06               -48.424088E-06      ;
                 77.999992E-06         228.24828E-06       ;
                 80.E-06               474.96817E-06       ;
                 82.E-06               657.36963E-06       ;
                 84.E-06               752.83685E-06       ;
                 86.E-06               754.55151E-06       ;
                 88.E-06               672.28271E-06       ;
                 90.E-06               529.74628E-06       ;
                 92.E-06               359.12823E-06       ;
                 94.000008E-06         193.99799E-06       ;
                 96.E-06                62.209919E-06      ;
                 98.E-06               -19.615681E-06      ;
                 99.999992E-06         -48.812031E-06      ;
                102.E-06               -36.027073E-06      ;
                104.E-06                -1.4624648E-06     ;
                106.E-06                31.03768E-06       ;
                108.E-06                40.573006E-06      ;
                110.E-06                14.827638E-06      ;
                112.E-06               -46.609409E-06      ;
                114.E-06              -132.04034E-06       ;
                116.00001E-06         -220.59973E-06       ;
                117.99999E-06         -287.59894E-06       ;
                120.E-06              -310.94824E-06       ;
                121.99999E-06         -277.07401E-06       ;
                124.E-06              -184.87578E-06       ;
                126.E-06               -46.750019E-06      ;
                128.E-06               113.58569E-06       ;
                130.E-06               265.96951E-06       ;
                132.E-06               380.24008E-06       ;
                134.E-06               432.76224E-06       ;
                136.E-06               411.54819E-06       ;
                138.E-06               318.83926E-06       ;
                140.E-06               170.61588E-06       ;
                142.E-06                -6.7876863E-06     ;
                144.00002E-06         -182.14612E-06       ;
                146.00002E-06         -325.63403E-06       ;
                148.E-06              -414.56747E-06       ;
                149.99998E-06         -437.40527E-06       ;
                152.E-06              -395.26312E-06       ;
                154.E-06              -300.77737E-06       ;
                155.99998E-06         -174.73915E-06       ;
                158.E-06               -41.370102E-06      ;
                160.E-06                76.66095E-06       ;
                162.E-06               162.41405E-06       ;
                164.E-06               207.24243E-06       ;
                166.E-06               211.35793E-06       ;
                168.E-06               182.47639E-06       ;
                170.E-06               133.0311E-06        ;
                172.E-06                76.707138E-06      ;
                174.E-06                25.130226E-06      ;
                176.E-06               -14.567669E-06      ;
                178.E-06               -40.838005E-06      ;
                180.E-06               -57.328957E-06      ;
                182.E-06               -71.225914E-06      ;
                184.E-06               -90.789261E-06      ;
                186.E-06              -122.70474E-06       ;
                188.00002E-06         -169.8687E-06        ;
                190.00002E-06         -230.10493E-06       ;
                192.E-06              -296.09024E-06       ;
                193.99998E-06         -356.49884E-06       ;
                196.E-06              -398.12103E-06       ;
                198.E-06              -408.51379E-06       ;
                199.99998E-06         -378.64014E-06       ;
                201.99998E-06         -304.96057E-06       ;
                204.E-06              -190.55511E-06       ;
                206.E-06               -45.043541E-06      ;
                208.E-06               116.69214E-06       ;
                210.E-06               276.75238E-06       ;
                212.E-06               417.01816E-06       ;
                214.E-06               521.99084E-06       ;
                216.E-06               581.16022E-06       ;
                218.E-06               590.48749E-06       ;
                220.E-06               552.76233E-06       ;
                222.E-06               476.81342E-06       ;
                224.E-06               375.76114E-06       ;
                226.00002E-06          264.67813E-06       ;
                228.E-06               158.10809E-06       ;
                230.E-06                67.899864E-06      ;
                232.00002E-06            1.7195452E-06     ;
                234.00002E-06          -37.550331E-06      ;
                235.99998E-06          -51.504852E-06      ;
                237.99998E-06          -45.162468E-06      ;
                240.E-06               -25.453636E-06      ;
                242.E-06               392.74802E-09       ;
                243.99998E-06           26.2262E-06        ;
                246.E-06                47.860416E-06      ;
                248.E-06                63.344292E-06      ;
                250.E-06                72.640877E-06      ;
                252.E-06                76.865883E-06      ;
                254.00002E-06           77.323143E-06      ;
                256.E-06                74.605522E-06      ;
                258.E-06                67.998306E-06      ;
