abaqus_stress = [
                  0.                     0.               ;
                  2.E-06                 0.               ;
                  4.E-06                 0.               ;
                  6.E-06                 0.               ;
                  8.E-06                 0.               ;
                 10.E-06                 0.               ;
                 12.E-06                 0.               ;
                 14.E-06                 0.               ;
                 16.E-06                 0.               ;
                 18.000002E-06          -3.1672006E-06    ;
                 20.E-06              -114.73667E-06      ;
                 22.E-06                -1.6159484E-03    ;
                 24.E-06               -13.59205E-03      ;
                 26.E-06               -81.472641E-03     ;
                 28.E-06              -382.24847E-03      ;
                 30.E-06                -1.4857564        ;
                 32.E-06                -4.9664593        ;
                 34.E-06               -14.654572         ;
                 36.000004E-06         -38.903831         ;
                 38.E-06               -94.26403          ;
                 40.E-06              -210.80353          ;
                 42.E-06              -438.96667          ;
                 44.E-06              -857.2627           ;
                 46.E-06                -1.5793439E+03    ;
                 48.E-06                -2.7583239E+03    ;
                 49.999996E-06          -4.5857801E+03    ;
                 52.E-06                -7.2830725E+03    ;
                 54.E-06               -11.083574E+03     ;
                 56.E-06               -16.206224E+03     ;
                 58.000004E-06         -22.823116E+03     ;
                 60.E-06               -31.026241E+03     ;
                 62.E-06               -40.800159E+03     ;
                 64.E-06               -52.007656E+03     ;
                 66.E-06               -64.393852E+03     ;
                 68.E-06               -77.610809E+03     ;
                 70.E-06               -91.259689E+03     ;
                 72.000008E-06        -104.94293E+03      ;
                 74.E-06              -118.31468E+03      ;
                 76.E-06              -131.11702E+03      ;
                 77.999992E-06        -143.19142E+03      ;
                 80.E-06              -154.46085E+03      ;
                 82.E-06              -164.88554E+03      ;
                 84.E-06              -174.40422E+03      ;
                 86.E-06              -182.87788E+03      ;
                 88.E-06              -190.05638E+03      ;
                 90.E-06              -195.58276E+03      ;
                 92.E-06              -199.043E+03        ;
                 94.000008E-06        -200.05492E+03      ;
                 96.E-06              -198.37814E+03      ;
                 98.E-06              -194.01701E+03      ;
                 99.999992E-06        -187.28624E+03      ;
                102.E-06              -178.8138E+03       ;
                104.E-06              -169.46962E+03      ;
                106.E-06              -160.22719E+03      ;
                108.E-06              -151.98351E+03      ;
                110.E-06              -145.3779E+03       ;
                112.E-06              -140.65436E+03      ;
                114.E-06              -137.60558E+03      ;
                116.00001E-06         -135.61945E+03      ;
                117.99999E-06         -133.82339E+03      ;
                120.E-06              -131.29626E+03      ;
                121.99999E-06         -127.29821E+03      ;
                124.E-06              -121.4599E+03       ;
                126.E-06              -113.88071E+03      ;
                128.E-06              -105.10606E+03      ;
                130.E-06               -95.985016E+03     ;
                132.E-06               -87.441635E+03     ;
                134.E-06               -80.218925E+03     ;
                136.E-06               -74.66497E+03      ;
                138.E-06               -70.623589E+03     ;
                140.E-06               -67.466789E+03     ;
                142.E-06               -64.269569E+03     ;
                144.00002E-06          -60.088726E+03     ;
                146.00002E-06          -54.275852E+03     ;
                148.E-06               -46.740871E+03     ;
                149.99998E-06          -38.089893E+03     ;
                152.E-06               -29.589653E+03     ;
                154.E-06               -22.953802E+03     ;
                155.99998E-06          -19.992889E+03     ;
                158.E-06               -22.207769E+03     ;
                160.E-06               -30.42519E+03      ;
                162.E-06               -44.568264E+03     ;
                164.E-06               -63.624199E+03     ;
                166.E-06               -85.823845E+03     ;
                168.E-06              -108.99461E+03      ;
                170.E-06              -131.00354E+03      ;
                172.E-06              -150.18257E+03      ;
                174.E-06              -165.63138E+03      ;
                176.E-06              -177.32237E+03      ;
                178.E-06              -185.98349E+03      ;
                180.E-06              -192.79053E+03      ;
                182.E-06              -198.95174E+03      ;
                184.E-06              -205.29526E+03      ;
                186.E-06              -211.97124E+03      ;
                188.00002E-06         -218.35083E+03      ;
                190.00002E-06         -223.15318E+03      ;
                192.E-06              -224.77179E+03      ;
                193.99998E-06         -221.71765E+03      ;
                196.E-06              -213.06412E+03      ;
                198.E-06              -198.77513E+03      ;
                199.99998E-06         -179.82613E+03      ;
                201.99998E-06         -158.07892E+03      ;
                204.E-06              -135.9335E+03       ;
                206.E-06              -115.83794E+03      ;
                208.E-06               -99.774094E+03     ;
                210.E-06               -88.844299E+03     ;
                212.E-06               -83.060089E+03     ;
                214.E-06               -81.383759E+03     ;
                216.E-06               -82.01104E+03      ;
                218.E-06               -82.823303E+03     ;
                220.E-06               -81.896713E+03     ;
                222.E-06               -77.942902E+03     ;
                224.E-06               -70.575188E+03     ;
                226.00002E-06          -60.33939E+03      ;
                228.E-06               -48.508892E+03     ;
                230.E-06               -36.702454E+03     ;
                232.00002E-06          -26.42701E+03      ;
                234.00002E-06          -18.664129E+03     ;
                235.99998E-06          -13.605581E+03     ;
                237.99998E-06          -10.603245E+03     ;
                240.E-06                -8.343051E+03     ;
                242.E-06                -5.1953855E+03    ;
                243.99998E-06          349.54248          ;
                246.E-06                 9.2731085E+03    ;
                248.E-06                21.749924E+03     ;
                250.E-06                37.069172E+03     ;
                252.E-06                53.77446E+03      ;
                254.00002E-06           69.986694E+03     ;
                256.E-06                83.83007E+03      ;
                258.E-06                93.857452E+03     ;
                260.E-06                99.373619E+03     ;
                262.E-06               100.58136E+03      ;
                264.E-06                98.519882E+03     ;
