abaqus_u = [
                  0.                     0.                    ;
                  2.E-06                 0.                    ;
                  4.E-06                 0.                    ;
                  6.E-06                 0.                    ;
                  8.E-06                 0.                    ;
                 10.E-06                 0.                    ;
                 12.E-06              -815.28638E-12           ;
                 14.E-06                -4.7811298E-09         ;
                 16.E-06               -11.480819E-09          ;
                 18.000002E-06         -20.259565E-09          ;
                 20.E-06               -30.361032E-09          ;
                 22.E-06               -41.072971E-09          ;
                 24.E-06               -51.843922E-09          ;
                 26.E-06               -62.342892E-09          ;
                 28.E-06               -72.451859E-09          ;
                 30.E-06               -82.201263E-09          ;
                 32.E-06               -91.674774E-09          ;
                 34.E-06              -100.91746E-09           ;
                 36.000004E-06        -109.87818E-09           ;
                 38.E-06              -118.40398E-09           ;
                 40.E-06              -126.28673E-09           ;
                 42.E-06              -133.34433E-09           ;
                 44.E-06              -139.50761E-09           ;
                 46.E-06              -144.88235E-09           ;
                 48.E-06              -149.76317E-09           ;
                 49.999996E-06        -154.59207E-09           ;
                 52.E-06              -159.87148E-09           ;
                 54.E-06              -166.05524E-09           ;
                 56.E-06              -173.44891E-09           ;
                 58.000004E-06        -182.14613E-09           ;
                 60.E-06              -192.01758E-09           ;
                 62.E-06              -202.75293E-09           ;
                 64.E-06              -213.94075E-09           ;
                 66.E-06              -225.1615E-09            ;
                 68.E-06              -236.06693E-09           ;
                 70.E-06              -246.42595E-09           ;
                 72.000008E-06        -256.12949E-09           ;
                 74.E-06              -265.1604E-09            ;
                 76.E-06              -273.54596E-09           ;
                 77.999992E-06        -278.89035E-09           ;
                 80.E-06              -280.64417E-09           ;
                 82.E-06              -279.35056E-09           ;
                 84.E-06              -275.74536E-09           ;
                 86.E-06              -270.65543E-09           ;
                 88.E-06              -264.89804E-09           ;
                 90.E-06              -259.19806E-09           ;
                 92.E-06              -254.13426E-09           ;
                 94.000008E-06        -250.11745E-09           ;
                 96.E-06              -247.39653E-09           ;
                 98.E-06              -246.08391E-09           ;
                 99.999992E-06        -246.18721E-09           ;
                102.E-06              -247.63791E-09           ;
                104.E-06              -250.30899E-09           ;
                106.E-06              -254.01959E-09           ;
                108.E-06              -258.53101E-09           ;
                110.E-06              -263.53928E-09           ;
                112.E-06              -268.67429E-09           ;
                114.E-06              -273.51154E-09           ;
                116.00001E-06         -277.60074E-09           ;
                117.99999E-06         -280.50967E-09           ;
                120.E-06              -281.87799E-09           ;
                121.99999E-06         -281.47147E-09           ;
                124.E-06              -279.22653E-09           ;
                126.E-06              -275.27521E-09           ;
                128.E-06              -269.94403E-09           ;
                130.E-06              -263.72629E-09           ;
                132.E-06              -257.22897E-09           ;
                134.E-06              -251.10394E-09           ;
                136.E-06              -245.97198E-09           ;
                138.E-06              -242.35147E-09           ;
                140.E-06              -240.60114E-09           ;
                142.E-06              -240.88445E-09           ;
                144.00002E-06         -243.15811E-09           ;
                146.00002E-06         -247.18492E-09           ;
                148.E-06              -252.56676E-09           ;
                149.99998E-06         -258.79218E-09           ;
                152.E-06              -265.29102E-09           ;
                154.E-06              -271.49008E-09           ;
                155.99998E-06         -276.86334E-09           ;
                158.E-06              -280.97339E-09           ;
                160.E-06              -283.50125E-09           ;
                162.E-06              -284.26453E-09           ;
                164.E-06              -283.22372E-09           ;
                166.E-06              -280.47815E-09           ;
                168.E-06              -276.25317E-09           ;
                170.E-06              -270.87994E-09           ;
                172.E-06              -264.76978E-09           ;
                174.E-06              -258.38358E-09           ;
                176.E-06              -252.19905E-09           ;
                178.E-06              -246.67598E-09           ;
                180.E-06              -242.22179E-09           ;
                182.E-06              -239.15979E-09           ;
                184.E-06              -237.70108E-09           ;
                186.E-06              -237.92323E-09           ;
                188.00002E-06         -239.75742E-09           ;
                190.00002E-06         -242.98564E-09           ;
                192.E-06              -247.2495E-09            ;
                193.99998E-06         -252.07069E-09           ;
                196.E-06              -256.88263E-09           ;
                198.E-06              -261.07135E-09           ;
                199.99998E-06         -264.02292E-09           ;
                201.99998E-06         -265.17352E-09           ;
                204.E-06              -264.05743E-09           ;
                206.E-06              -260.34793E-09           ;
                208.E-06              -253.88718E-09           ;
                210.E-06              -244.70088E-09           ;
                212.E-06              -232.99596E-09           ;
                214.E-06              -219.14056E-09           ;
                216.E-06              -203.62843E-09           ;
                218.E-06              -187.03093E-09           ;
                220.E-06              -169.94177E-09           ;
                222.E-06              -152.92075E-09           ;
                224.E-06              -136.44211E-09           ;
                226.00002E-06         -120.85326E-09           ;
                228.E-06              -106.34773E-09           ;
                230.E-06               -92.954666E-09          ;
                232.00002E-06          -80.54496E-09           ;
                234.00002E-06          -68.852463E-09          ;
                235.99998E-06          -57.50692E-09           ;
                237.99998E-06          -46.07468E-09           ;
                240.E-06               -34.102753E-09          ;
                242.E-06               -21.162111E-09          ;
