abaqus_eas_v = [
                  0.                     0.                    ;
                  2.E-06                 0.                    ;
                  4.E-06                 0.                    ;
                  6.E-06                 0.                    ;
                  8.E-06                 0.                    ;
                 10.E-06                 0.                    ;
                 12.E-06                -1.211745E-03          ;
                 14.E-06                -2.7012775E-03         ;
                 16.E-06                -3.9154384E-03         ;
                 18.000002E-06          -4.7673883E-03         ;
                 20.E-06                -5.2430072E-03         ;
                 22.E-06                -5.3954144E-03         ;
                 24.E-06                -5.3224554E-03         ;
                 26.E-06                -5.1346316E-03         ;
                 28.E-06                -4.9234924E-03         ;
                 30.E-06                -4.7399602E-03         ;
                 32.E-06                -4.5884776E-03         ;
                 34.E-06                -4.4376764E-03         ;
                 36.000004E-06          -4.2428961E-03         ;
                 38.E-06                -3.9722264E-03         ;
                 40.E-06                -3.6268637E-03         ;
                 42.E-06                -3.2486608E-03         ;
                 44.E-06                -2.9121726E-03         ;
                 46.E-06                -2.7036996E-03         ;
                 48.E-06                -2.6941729E-03         ;
                 49.999996E-06          -2.914793E-03          ;
                 52.E-06                -3.3434889E-03         ;
                 54.E-06                -3.9068158E-03         ;
                 56.E-06                -4.4970112E-03         ;
                 58.000004E-06          -4.9991488E-03         ;
                 60.E-06                -5.3202281E-03         ;
                 62.E-06                -5.4115629E-03         ;
                 64.E-06                -5.278091E-03          ;
                 66.E-06                -4.9724326E-03         ;
                 68.E-06                -4.5763192E-03         ;
                 70.E-06                -4.1757698E-03         ;
                 72.000008E-06          -3.8380215E-03         ;
                 74.E-06                -3.5971887E-03         ;
                 76.E-06                -3.0447204E-03         ;
                 77.999992E-06          -1.3946579E-03         ;
                 80.E-06                10.760152E-06          ;
                 82.E-06                 1.0762075E-03         ;
                 84.E-06                 1.7527893E-03         ;
                 86.E-06                 2.0410976E-03         ;
                 88.E-06                 1.9859821E-03         ;
                 90.E-06                 1.6646475E-03         ;
                 92.E-06                 1.1709607E-03         ;
                 94.000008E-06         599.39636E-06           ;
                 96.E-06                31.799093E-06          ;
                 98.E-06              -470.82993E-06           ;
                 99.999992E-06        -870.72546E-06           ;
                102.E-06                -1.1506103E-03         ;
                104.E-06                -1.3076605E-03         ;
                106.E-06                -1.3466171E-03         ;
                108.E-06                -1.274353E-03          ;
                110.E-06                -1.0974408E-03         ;
                112.E-06              -823.12555E-06           ;
                114.E-06              -462.89401E-06           ;
                116.00001E-06          -36.938152E-06          ;
                117.99999E-06          422.56247E-06           ;
                120.E-06               871.12311E-06           ;
                121.99999E-06            1.25555E-03           ;
                124.E-06                 1.5212439E-03         ;
                126.E-06                 1.6218541E-03         ;
                128.E-06                 1.5291239E-03         ;
                130.E-06                 1.2405076E-03         ;
                132.E-06               782.5282E-06            ;
                134.E-06               208.76868E-06           ;
                136.E-06              -407.39767E-06           ;
                138.E-06              -984.0246E-06            ;
                140.E-06                -1.4435663E-03         ;
                142.E-06                -1.7250627E-03         ;
                144.00002E-06           -1.7932346E-03         ;
                146.00002E-06           -1.6429358E-03         ;
                148.E-06                -1.2984561E-03         ;
                149.99998E-06         -808.237E-06             ;
                152.E-06              -236.39467E-06           ;
                154.E-06               347.11975E-06           ;
                155.99998E-06          875.92181E-06           ;
                158.E-06                 1.2947639E-03         ;
                160.E-06                 1.5645139E-03         ;
                162.E-06                 1.6644367E-03         ;
                164.E-06                 1.5921817E-03         ;
                166.E-06                 1.3621325E-03         ;
                168.E-06                 1.0027751E-03         ;
                170.E-06               553.54462E-06           ;
                172.E-06                61.370491E-06          ;
                174.E-06              -423.07178E-06           ;
                176.E-06              -849.43146E-06           ;
                178.E-06                -1.1720128E-03         ;
                180.E-06                -1.3540891E-03         ;
                182.E-06                -1.3717144E-03         ;
                184.E-06                -1.2164234E-03         ;
                186.E-06              -896.26367E-06           ;
                188.00002E-06         -434.8284E-06            ;
                190.00002E-06          131.68326E-06           ;
                192.E-06               758.96515E-06           ;
                193.99998E-06            1.3999426E-03         ;
                196.E-06                 2.0101016E-03         ;
                198.E-06                 2.5520291E-03         ;
                199.99998E-06            2.998651E-03          ;
                201.99998E-06            3.334975E-03          ;
                204.E-06                 3.5585022E-03         ;
                206.E-06                 3.6786563E-03         ;
                208.E-06                 3.7156215E-03         ;
                210.E-06                 3.6988525E-03         ;
                212.E-06                 3.6652927E-03         ;
                214.E-06                 3.6571157E-03         ;
                216.E-06                 3.7187152E-03         ;
                218.E-06                 3.8927338E-03         ;
                220.E-06                 4.2151904E-03         ;
                222.E-06                 4.7101274E-03         ;
                224.E-06                 5.3845716E-03         ;
                226.00002E-06            6.2248254E-03         ;
                228.E-06                 7.1950979E-03         ;
                230.E-06                 8.2391748E-03         ;
                232.00002E-06            9.2853346E-03         ;
                234.00002E-06           10.25402E-03           ;
                235.99998E-06           11.067225E-03          ;
                237.99998E-06           11.65809E-03           ;
                240.E-06                11.979139E-03          ;
                242.E-06                12.007826E-03          ;
