abaqus_eas_v_y = [
                  0.                     0.                  ;
                  2.E-06                 0.                  ;
                  4.E-06                 0.                  ;
                  6.E-06                 0.                  ;
                  8.E-06                 0.                  ;
                 10.E-06                 0.                  ;
                 12.E-06                 2.3967268E-06       ;
                 14.E-06                31.801912E-06        ;
                 16.E-06               113.29035E-06         ;
                 18.000002E-06         249.58298E-06         ;
                 20.E-06               418.05841E-06         ;
                 22.E-06               577.0976E-06          ;
                 24.E-06               679.73584E-06         ;
                 26.E-06               689.99835E-06         ;
                 28.E-06               596.25836E-06         ;
                 30.E-06               416.85211E-06         ;
                 32.E-06               195.73439E-06         ;
                 34.E-06               -10.683176E-06        ;
                 36.000004E-06        -151.32166E-06         ;
                 38.E-06              -196.97879E-06         ;
                 40.E-06              -150.01416E-06         ;
                 42.E-06               -43.72596E-06         ;
                 44.E-06                68.656288E-06        ;
                 46.E-06               131.96013E-06         ;
                 48.E-06               108.21401E-06         ;
                 49.999996E-06          -9.4193277E-06       ;
                 52.E-06              -192.72375E-06         ;
                 54.E-06              -386.14206E-06         ;
                 56.E-06              -523.94446E-06         ;
                 58.000004E-06        -551.5163E-06          ;
                 60.E-06              -443.94659E-06         ;
                 62.E-06              -215.80786E-06         ;
                 64.E-06                81.270493E-06        ;
                 66.E-06               372.78024E-06         ;
                 68.E-06               583.03632E-06         ;
                 70.E-06               657.70966E-06         ;
                 72.000008E-06         580.14502E-06         ;
                 74.E-06               376.31332E-06         ;
                 76.E-06               106.7984E-06          ;
                 77.999992E-06        -163.43716E-06         ;
                 80.E-06              -394.87527E-06         ;
                 82.E-06              -560.54773E-06         ;
                 84.E-06              -647.96075E-06         ;
                 86.E-06              -660.02948E-06         ;
                 88.E-06              -612.64331E-06         ;
                 90.E-06              -529.64105E-06         ;
                 92.E-06              -436.50284E-06         ;
                 94.000008E-06        -354.27386E-06         ;
                 96.E-06              -295.08505E-06         ;
                 98.E-06              -260.1937E-06          ;
                 99.999992E-06        -240.84325E-06         ;
                102.E-06              -221.59201E-06         ;
                104.E-06              -185.22067E-06         ;
                106.E-06              -118.01171E-06         ;
                108.E-06               -14.152016E-06        ;
                110.E-06               121.76222E-06         ;
                112.E-06               274.70166E-06         ;
                114.E-06               421.69513E-06         ;
                116.00001E-06          536.32458E-06         ;
                117.99999E-06          594.2774E-06          ;
                120.E-06               578.77612E-06         ;
                121.99999E-06          484.71097E-06         ;
                124.E-06               320.55463E-06         ;
                126.E-06               107.58026E-06         ;
                128.E-06              -123.53887E-06         ;
                130.E-06              -338.12158E-06         ;
                132.E-06              -503.80118E-06         ;
                134.E-06              -596.49689E-06         ;
                136.E-06              -604.79956E-06         ;
                138.E-06              -531.85126E-06         ;
                140.E-06              -394.32346E-06         ;
                142.E-06              -218.71886E-06         ;
                144.00002E-06          -35.809818E-06        ;
                146.00002E-06          125.5631E-06          ;
                148.E-06               243.97108E-06         ;
                149.99998E-06          308.96851E-06         ;
                152.E-06               322.02399E-06         ;
                154.E-06               294.70789E-06         ;
                155.99998E-06          244.68571E-06         ;
                158.E-06               190.58456E-06         ;
                160.E-06               147.05013E-06         ;
                162.E-06               121.23223E-06         ;
                164.E-06               111.54671E-06         ;
                166.E-06               108.95741E-06         ;
                168.E-06               100.36364E-06         ;
                170.E-06                73.132729E-06        ;
                172.E-06                19.527203E-06        ;
                174.E-06               -60.183197E-06        ;
                176.E-06              -156.77969E-06         ;
                178.E-06              -253.60158E-06         ;
                180.E-06              -330.13959E-06         ;
                182.E-06              -366.81485E-06         ;
                184.E-06              -349.74506E-06         ;
                186.E-06              -274.31848E-06         ;
                188.00002E-06         -146.70999E-06         ;
                190.00002E-06           16.996674E-06        ;
                192.E-06               193.83028E-06         ;
                193.99998E-06          358.3429E-06          ;
                196.E-06               487.36948E-06         ;
                198.E-06               564.08032E-06         ;
                199.99998E-06          580.51331E-06         ;
                201.99998E-06          538.19128E-06         ;
                204.E-06               446.90225E-06         ;
                206.E-06               322.12149E-06         ;
                208.E-06               181.78896E-06         ;
                210.E-06                43.187168E-06        ;
                212.E-06               -79.489227E-06        ;
                214.E-06              -176.5506E-06          ;
                216.E-06              -243.18822E-06         ;
                218.E-06              -279.01675E-06         ;
                220.E-06              -287.11374E-06         ;
                222.E-06              -272.88708E-06         ;
                224.E-06              -243.01047E-06         ;
                226.00002E-06         -204.53755E-06         ;
                228.E-06              -164.19559E-06         ;
                230.E-06              -127.80651E-06         ;
                232.00002E-06          -99.797569E-06        ;
                234.00002E-06          -82.819168E-06        ;
                235.99998E-06          -77.549316E-06        ;
                237.99998E-06          -82.784843E-06        ;
                240.E-06               -95.881828E-06        ;
                242.E-06              -113.51086E-06         ;
                243.99998E-06         -132.57364E-06         ;
                246.E-06              -151.03131E-06         ;
                248.E-06              -168.37091E-06         ;
                250.E-06              -185.50778E-06         ;
