abaqus_energy = [
                  0.                     0.                  ;
                  3.E-06                 0.                  ;
                  5.E-06                 0.                  ;
                  8.E-06                 0.                  ;
                 10.E-06                 0.                  ;
                 13.E-06                35.349529E-15        ;
                 15.E-06                 7.2494645E-12       ;
                 18.000002E-06         402.02811E-12         ;
                 20.E-06                 2.1889756E-09       ;
                 23.E-06                12.729762E-09        ;
                 24.999998E-06          28.581934E-09        ;
                 28.E-06                63.247784E-09        ;
                 30.E-06                84.036705E-09        ;
                 33.E-06                90.026047E-09        ;
                 35.E-06                72.516785E-09        ;
                 38.E-06                31.78097E-09         ;
                 40.E-06                14.479027E-09        ;
                 43.E-06                26.018803E-09        ;
                 45.E-06                55.668053E-09        ;
                 48.E-06               104.67433E-09         ;
                 49.999996E-06         122.13416E-09         ;
                 53.E-06               112.05339E-09         ;
                 55.E-06                87.005272E-09        ;
                 58.000004E-06          46.008324E-09        ;
                 60.E-06                29.571846E-09        ;
                 63.E-06                29.91239E-09         ;
                 65.E-06                43.160488E-09        ;
                 68.E-06                69.833557E-09        ;
                 70.E-06                85.799461E-09        ;
                 73.000008E-06         100.54525E-09         ;
                 74.999992E-06         101.87477E-09         ;
                 77.999992E-06          88.984291E-09        ;
                 80.E-06                71.190399E-09        ;
                 83.E-06                39.742558E-09        ;
                 85.E-06                28.954784E-09        ;
                 88.E-06                59.260681E-09        ;
                 90.E-06               121.20444E-09         ;
                 93.E-06               255.84164E-09         ;
                 95.000008E-06         335.95322E-09         ;
                 98.E-06               367.84702E-09         ;
                 99.999992E-06         311.74396E-09         ;
                103.E-06               156.95151E-09         ;
                105.E-06                67.973572E-09        ;
                108.E-06                54.244038E-09        ;
                110.E-06               141.26405E-09         ;
                113.00001E-06          353.53534E-09         ;
                115.E-06               483.56873E-09         ;
                117.99999E-06          572.63666E-09         ;
                120.E-06               553.8374E-09          ;
                123.E-06               472.90076E-09         ;
                125.E-06               440.97672E-09         ;
                128.E-06               497.86844E-09         ;
                130.E-06               613.22473E-09         ;
                133.E-06               860.9563E-09          ;
                134.99998E-06            1.0364395E-06       ;
                138.E-06                 1.2527497E-06       ;
                140.E-06                 1.3416749E-06       ;
                142.99998E-06            1.3768164E-06       ;
                145.E-06                 1.3412358E-06       ;
                148.E-06                 1.2367746E-06       ;
                149.99998E-06            1.1662657E-06       ;
                153.E-06                 1.1142184E-06       ;
                155.E-06                 1.1299382E-06       ;
                158.E-06                 1.2028544E-06       ;
                160.E-06                 1.2421162E-06       ;
                163.E-06                 1.2047946E-06       ;
                165.E-06                 1.0892463E-06       ;
                168.E-06               805.52423E-09         ;
                170.E-06               596.65472E-09         ;
                173.E-06               367.31046E-09         ;
                175.E-06               314.79315E-09         ;
                178.E-06               381.55576E-09         ;
                180.E-06               474.31937E-09         ;
                183.E-06               572.59442E-09         ;
                185.E-06               563.29694E-09         ;
                188.00002E-06          430.81827E-09         ;
                190.00002E-06          302.30832E-09         ;
                193.E-06               146.24007E-09         ;
                195.00002E-06          111.46379E-09         ;
                198.E-06               183.09113E-09         ;
                199.99998E-06          289.23926E-09         ;
                203.00002E-06          457.40369E-09         ;
                205.E-06               528.99908E-09         ;
                208.E-06               532.23596E-09         ;
                210.E-06               471.54459E-09         ;
                213.E-06               344.74826E-09         ;
                214.99998E-06          280.86227E-09         ;
                218.E-06               270.8959E-09          ;
                220.E-06               327.10669E-09         ;
                222.99998E-06          468.51245E-09         ;
                225.E-06               562.01575E-09         ;
                228.E-06               633.42566E-09         ;
                230.E-06               610.70966E-09         ;
                233.E-06               477.77383E-09         ;
                235.E-06               358.08435E-09         ;
                237.99998E-06          220.76234E-09         ;
                240.E-06               199.97929E-09         ;
                243.E-06               287.35486E-09         ;
                245.E-06               391.50937E-09         ;
                248.E-06               525.90771E-09         ;
                250.E-06               557.81116E-09         ;
                252.99998E-06          498.04791E-09         ;
                255.E-06               405.33411E-09         ;
                258.E-06               248.9411E-09          ;
                260.E-06               171.03836E-09         ;
                262.99997E-06          137.47372E-09         ;
                265.00003E-06          173.94708E-09         ;
                268.E-06               279.32654E-09         ;
                269.99997E-06          345.88492E-09         ;
                273.E-06               387.3349E-09          ;
                275.E-06               370.28223E-09         ;
                278.E-06               314.06485E-09         ;
                280.E-06               288.54703E-09         ;
                283.E-06               306.23746E-09         ;
                285.E-06               357.28094E-09         ;
                288.00003E-06          464.67767E-09         ;
                290.E-06               529.16547E-09         ;
                292.99997E-06          563.43353E-09         ;
                295.00003E-06          523.10559E-09         ;
                298.E-06               371.42032E-09         ;
                299.99997E-06          242.06781E-09         ;
                303.E-06                93.062935E-09        ;
                305.E-06                66.206978E-09        ;
                308.E-06               147.99585E-09         ;
                310.E-06               253.69745E-09         ;
                313.E-06               408.33124E-09         ;
