abaqus_eas_a = [
                  0.                     0.               ;
                  2.E-06                 0.               ;
                  4.E-06                 0.               ;
                  6.E-06                 0.               ;
                  8.E-06                 0.               ;
                 10.E-06                 0.               ;
                 12.E-06              -792.91699          ;
                 14.E-06              -687.27399          ;
                 16.E-06              -521.34576          ;
                 18.000002E-06        -329.76764          ;
                 20.E-06              -149.35649          ;
                 22.E-06                -9.4292374        ;
                 24.E-06                75.222664         ;
                 26.E-06               106.70299          ;
                 28.E-06               101.2065           ;
                 30.E-06                82.137596         ;
                 32.E-06                71.492134         ;
                 34.E-06                82.315491         ;
                 36.000004E-06         114.62788          ;
                 38.E-06               156.02965          ;
                 40.E-06               186.65202          ;
                 42.E-06               186.71864          ;
                 44.E-06               144.1524           ;
                 46.E-06                59.686737         ;
                 48.E-06               -52.221882         ;
                 49.999996E-06        -167.00385          ;
                 52.E-06              -256.96204          ;
                 54.E-06              -299.40707          ;
                 56.E-06              -283.3671           ;
                 58.000004E-06        -212.77481          ;
                 60.E-06              -105.18608          ;
                 62.E-06                13.492545         ;
                 64.E-06               116.53746          ;
                 66.E-06               183.80849          ;
                 68.E-06               206.73972          ;
                 70.E-06               189.49089          ;
                 72.000008E-06         146.11089          ;
                 74.E-06                94.862389         ;
                 76.E-06               867.01556          ;
                 77.999992E-06         774.74921          ;
                 80.E-06               624.62073          ;
                 82.E-06               437.7467           ;
                 84.E-06               238.91502          ;
                 86.E-06                52.293201         ;
                 88.E-06              -102.45649          ;
                 90.E-06              -212.882            ;
                 92.E-06              -274.79391          ;
                 94.000008E-06        -291.59             ;
                 96.E-06              -272.17691          ;
                 98.E-06              -228.11566          ;
                 99.999992E-06        -170.75029          ;
                102.E-06              -109.01476          ;
                104.E-06               -48.376125         ;
                106.E-06                 8.9704008        ;
                108.E-06                62.891605         ;
                110.E-06               113.59777          ;
                112.E-06               160.03717          ;
                114.E-06               198.96031          ;
                116.00001E-06          224.98805          ;
                117.99999E-06          231.70393          ;
                120.E-06               213.4733           ;
                121.99999E-06          167.46307          ;
                124.E-06                95.253799         ;
                126.E-06                 3.5281889        ;
                128.E-06               -96.445107         ;
                130.E-06              -190.4977           ;
                132.E-06              -264.07422          ;
                134.E-06              -305.00903          ;
                136.E-06              -305.93112          ;
                138.E-06              -265.75104          ;
                140.E-06              -189.90758          ;
                142.E-06               -89.348488         ;
                144.00002E-06           21.492052         ;
                146.00002E-06          127.24565          ;
                148.E-06               214.13789          ;
                149.99998E-06          271.99481          ;
                152.E-06               295.40039          ;
                154.E-06               283.90494          ;
                155.99998E-06          241.40517          ;
                158.E-06               174.97395          ;
                160.E-06                93.481071         ;
                162.E-06                 6.3085728        ;
                164.E-06               -77.643402         ;
                166.E-06              -150.60037          ;
                168.E-06              -206.26553          ;
                170.E-06              -240.00264          ;
                172.E-06              -248.97244          ;
                174.E-06              -232.28874          ;
                176.E-06              -191.18062          ;
                178.E-06              -129.07474          ;
                180.E-06               -51.483227         ;
                182.E-06                34.395515         ;
                184.E-06               120.38501          ;
                186.E-06               198.27672          ;
                188.00002E-06          260.86005          ;
                190.00002E-06          302.83969          ;
                192.E-06               321.4574           ;
                193.99998E-06          316.70178          ;
                196.E-06               291.09311          ;
                198.E-06               249.12924          ;
                199.99998E-06          196.55301          ;
                201.99998E-06          139.61981          ;
                204.E-06                84.505943         ;
                206.E-06                36.921337         ;
                208.E-06                 1.8983152        ;
                210.E-06               -16.340984         ;
                212.E-06               -14.559718         ;
                214.E-06                 9.1884928        ;
                216.E-06                55.114723         ;
                218.E-06               121.19785          ;
                220.E-06               202.80193          ;
                222.E-06               292.60434          ;
                224.E-06               380.99539          ;
                226.00002E-06          457.0094           ;
                228.E-06               509.71078          ;
                230.E-06               529.82257          ;
                232.00002E-06          511.28897          ;
                234.00002E-06          452.44409          ;
                235.99998E-06          356.5163           ;
                237.99998E-06          231.3369           ;
                240.E-06                88.287773         ;
                242.E-06               -59.312572         ;
                243.99998E-06         -198.06923          ;
                246.E-06              -316.26639          ;
                248.E-06              -405.21381          ;
                250.E-06              -459.99417          ;
                252.E-06              -479.56879          ;
                254.00002E-06         -466.33957          ;
                256.E-06              -425.35947          ;
                258.E-06              -363.41516          ;
                260.E-06              -288.1741           ;
                262.E-06              -207.50734          ;
                264.E-06              -129.00862          ;
