abaqus_eas_energy = [
                  0.                     0.                    ;
                  3.E-06                 0.                    ;
                  5.E-06                 0.                    ;
                  8.E-06                 0.                    ;
                 10.E-06                 0.                    ;
                 13.E-06               218.83032E-15           ;
                 15.E-06                44.615582E-12          ;
                 18.000002E-06           2.4355919E-09         ;
                 20.E-06                13.053288E-09          ;
                 23.E-06                73.393616E-09          ;
                 24.999998E-06         159.75851E-09           ;
                 28.E-06               331.41229E-09           ;
                 30.E-06               414.59079E-09           ;
                 33.E-06               389.58838E-09           ;
                 35.E-06               277.19128E-09           ;
                 38.E-06               111.50717E-09           ;
                 40.E-06               104.28194E-09           ;
                 43.E-06               285.35028E-09           ;
                 45.E-06               452.83551E-09           ;
                 48.E-06               579.98511E-09           ;
                 49.999996E-06         527.17566E-09           ;
                 53.E-06               313.90234E-09           ;
                 55.E-06               182.54541E-09           ;
                 58.000004E-06         138.77251E-09           ;
                 60.E-06               220.34975E-09           ;
                 63.E-06               405.65686E-09           ;
                 65.E-06               490.66647E-09           ;
                 68.E-06               489.01538E-09           ;
                 70.E-06               418.90146E-09           ;
                 73.000008E-06         295.15656E-09           ;
                 74.999992E-06         242.99167E-09           ;
                 77.999992E-06         236.24036E-09           ;
                 80.E-06               272.58847E-09           ;
                 83.E-06               380.64276E-09           ;
                 85.E-06               501.86615E-09           ;
                 88.E-06               774.00708E-09           ;
                 90.E-06               979.99341E-09           ;
                 93.E-06                 1.1643996E-06         ;
                 95.000008E-06           1.1060141E-06         ;
                 98.E-06               747.96222E-09           ;
                 99.999992E-06         479.13821E-09           ;
                103.E-06               409.71072E-09           ;
                105.E-06               709.58099E-09           ;
                108.E-06                 1.4892231E-06         ;
                110.E-06                 1.9283798E-06         ;
                113.00001E-06            2.0125074E-06         ;
                115.E-06                 1.6733264E-06         ;
                117.99999E-06            1.0496621E-06         ;
                120.E-06               937.729E-09             ;
                123.E-06                 1.5515505E-06         ;
                125.E-06                 2.3399239E-06         ;
                128.E-06                 3.4579959E-06         ;
                130.E-06                 3.8202133E-06         ;
                133.E-06                 3.6539207E-06         ;
                134.99998E-06            3.2744277E-06         ;
                138.E-06                 2.82617E-06           ;
                140.E-06                 2.797483E-06          ;
                142.99998E-06            3.0952988E-06         ;
                145.E-06                 3.3220131E-06         ;
                148.E-06                 3.3741179E-06         ;
                149.99998E-06            3.1505616E-06         ;
                153.E-06                 2.550523E-06          ;
                155.E-06                 2.1096914E-06         ;
                158.E-06                 1.582476E-06          ;
                160.E-06                 1.3799746E-06         ;
                163.E-06                 1.3245125E-06         ;
                165.E-06                 1.4345573E-06         ;
                168.E-06                 1.7233627E-06         ;
                170.E-06                 1.9006487E-06         ;
                173.E-06                 1.9600731E-06         ;
                175.E-06                 1.8090235E-06         ;
                178.E-06                 1.3975874E-06         ;
                180.E-06                 1.1596451E-06         ;
                183.E-06                 1.1324083E-06         ;
                185.E-06                 1.3747127E-06         ;
                188.00002E-06            1.8919138E-06         ;
                190.00002E-06            2.0925527E-06         ;
                193.E-06                 1.8720531E-06         ;
                195.00002E-06            1.4135797E-06         ;
                198.E-06               703.85846E-09           ;
                199.99998E-06          545.435E-09             ;
                203.00002E-06            1.0584778E-06         ;
                205.E-06                 1.7653452E-06         ;
                208.E-06                 2.7423282E-06         ;
                210.E-06                 2.9611301E-06         ;
                213.E-06                 2.412811E-06          ;
                214.99998E-06            1.6609145E-06         ;
                218.E-06               635.41071E-09           ;
                220.E-06               372.06195E-09           ;
                222.99998E-06          761.96808E-09           ;
                225.E-06                 1.3426434E-06         ;
                228.E-06                 2.1076782E-06         ;
                230.E-06                 2.27052E-06           ;
                233.E-06                 1.8853545E-06         ;
                235.E-06                 1.3617617E-06         ;
                237.99998E-06          617.30072E-09           ;
                240.E-06               374.45526E-09           ;
                243.E-06               541.39935E-09           ;
                245.E-06               927.86731E-09           ;
                248.E-06                 1.5799505E-06         ;
                250.E-06                 1.8421133E-06         ;
                252.99998E-06            1.7612219E-06         ;
                255.E-06                 1.4282308E-06         ;
                258.E-06               826.55359E-09           ;
                260.E-06               596.68073E-09           ;
                262.99997E-06          783.5047E-09            ;
                265.00003E-06            1.2521954E-06         ;
                268.E-06                 2.1452293E-06         ;
                269.99997E-06            2.5834157E-06         ;
                273.E-06                 2.6321704E-06         ;
                275.E-06                 2.2423513E-06         ;
                278.E-06                 1.3935747E-06         ;
                280.E-06               981.65906E-09           ;
                283.E-06               979.12097E-09           ;
                285.E-06                 1.3550644E-06         ;
                288.00003E-06            2.0311024E-06         ;
                290.E-06                 2.246094E-06          ;
                292.99997E-06            1.9923321E-06         ;
                295.00003E-06            1.5680884E-06         ;
                298.E-06                 1.0316113E-06         ;
                299.99997E-06          983.70758E-09           ;
                303.E-06                 1.4561522E-06         ;
