%%%
%%%  JOB TITLE : CILAMCE 2013 TEST: TEST 1 -- COMPRESSIVE PULSE LOAD, 10 ELEMENTS, dt = 1e-6
%%%  JOB ID    : {85dc27ec-23e1-4ece-b032-9402cfd48a40}
%%%  SUBMITED ON : 30 July 2013, 03:49:53
%%%
%%% ------
%%%
%%%  THIS IS STEP  0 : Transient analysis with no hourglass control

cilamce2013_01 = [
    1.9999999999999999e-006    0.0000000000000000e+000    0.0000000000000000e+000 ; 
    3.9999999999999998e-006    0.0000000000000000e+000    0.0000000000000000e+000 ; 
    5.9999999999999993e-006    0.0000000000000000e+000    0.0000000000000000e+000 ; 
    7.9999999999999996e-006    0.0000000000000000e+000    0.0000000000000000e+000 ; 
    1.0000000000000001e-005    0.0000000000000000e+000    0.0000000000000000e+000 ; 
    1.2000000000000002e-005    -8.1528640570705967e-009    -1.0000000000000000e+003 ; 
    1.4000000000000003e-005    -4.7811300974965793e-008    -1.0000000000000000e+003 ; 
    1.6000000000000003e-005    -1.1480819665426589e-007    -1.0000000000000000e+003 ; 
    1.8000000000000004e-005    -2.0259592372360871e-007    -1.0000000000000000e+003 ; 
    2.0000000000000005e-005    -3.0361227534177986e-007    -1.0000000000000000e+003 ; 
    2.2000000000000006e-005    -4.1073859083626494e-007    -1.0000000000000000e+003 ; 
    2.4000000000000007e-005    -5.1846915150431823e-007    -1.0000000000000000e+003 ; 
    2.6000000000000009e-005    -6.2351035405697283e-007    -1.0000000000000000e+003 ; 
    2.8000000000000010e-005    -7.2470670206666963e-007    -1.0000000000000000e+003 ; 
    3.0000000000000011e-005    -8.2239280230658706e-007    -1.0000000000000000e+003 ; 
    3.2000000000000005e-005    -9.1743461209842605e-007    -1.0000000000000000e+003 ; 
    3.4000000000000000e-005    -1.0103003450853343e-006    -1.0000000000000000e+003 ; 
    3.5999999999999994e-005    -1.1004706475725054e-006    -1.0000000000000000e+003 ; 
    3.7999999999999989e-005    -1.1863716259213212e-006    -1.0000000000000000e+003 ; 
    3.9999999999999983e-005    -1.2658349533509908e-006    -1.0000000000000000e+003 ; 
    4.1999999999999977e-005    -1.3369141091551022e-006    -1.0000000000000000e+003 ; 
    4.3999999999999972e-005    -1.3987696378162775e-006    -1.0000000000000000e+003 ; 
    4.5999999999999966e-005    -1.4523142517727350e-006    -1.0000000000000000e+003 ; 
    4.7999999999999961e-005    -1.5003854316313536e-006    -1.0000000000000000e+003 ; 
    4.9999999999999955e-005    -1.5473625634133718e-006    -1.0000000000000000e+003 ; 
    5.1999999999999949e-005    -1.5983191092847034e-006    -1.0000000000000000e+003 ; 
    5.3999999999999944e-005    -1.6579429772591345e-006    -1.0000000000000000e+003 ; 
    5.5999999999999938e-005    -1.7295263395929263e-006    -1.0000000000000000e+003 ; 
    5.7999999999999933e-005    -1.8143004511999292e-006    -1.0000000000000000e+003 ; 
    5.9999999999999927e-005    -1.9112823584684227e-006    -1.0000000000000000e+003 ; 
    6.1999999999999921e-005    -2.0176453523761514e-006    -1.0000000000000000e+003 ; 
    6.3999999999999916e-005    -2.1294736101459674e-006    -1.0000000000000000e+003 ; 
    6.5999999999999910e-005    -2.2426607852348878e-006    -1.0000000000000000e+003 ; 
    6.7999999999999905e-005    -2.3536915790335167e-006    -1.0000000000000000e+003 ; 
    6.9999999999999899e-005    -2.4601071061966896e-006    -1.0000000000000000e+003 ; 
    7.1999999999999893e-005    -2.5605750385533687e-006    -1.0000000000000000e+003 ; 
    7.3999999999999888e-005    -2.6546219815273258e-006    -1.0000000000000000e+003 ; 
    7.5999999999999882e-005    -2.7421925182176218e-006    0.0000000000000000e+000 ; 
    7.7999999999999877e-005    -2.7990076352255493e-006    0.0000000000000000e+000 ; 
    7.9999999999999871e-005    -2.8192815210191870e-006    0.0000000000000000e+000 ; 
    8.1999999999999865e-005    -2.8081984919571563e-006    0.0000000000000000e+000 ; 
    8.3999999999999860e-005    -2.7729279743656491e-006    0.0000000000000000e+000 ; 
    8.5999999999999854e-005    -2.7216125433613991e-006    0.0000000000000000e+000 ; 
    8.7999999999999849e-005    -2.6623693204426901e-006    0.0000000000000000e+000 ; 
    8.9999999999999843e-005    -2.6024717792325075e-006    0.0000000000000000e+000 ; 
    9.1999999999999837e-005    -2.5478192754016475e-006    0.0000000000000000e+000 ; 
    9.3999999999999832e-005    -2.5027250516470215e-006    0.0000000000000000e+000 ; 
    9.5999999999999826e-005    -2.4699796643062621e-006    0.0000000000000000e+000 ; 
    9.7999999999999821e-005    -2.4510931381348434e-006    0.0000000000000000e+000 ; 
    9.9999999999999815e-005    -2.4465967465210369e-006    0.0000000000000000e+000 ; 
    1.0199999999999981e-004    -2.4562965623050747e-006    0.0000000000000000e+000 ; 
    1.0399999999999980e-004    -2.4794096237717878e-006    0.0000000000000000e+000 ; 
    1.0599999999999980e-004    -2.5145670450877630e-006    0.0000000000000000e+000 ; 
    1.0799999999999979e-004    -2.5597211894932480e-006    0.0000000000000000e+000 ; 
    1.0999999999999979e-004    -2.6120319237655403e-006    0.0000000000000000e+000 ; 
    1.1199999999999978e-004    -2.6678205733453693e-006    0.0000000000000000e+000 ; 
    1.1399999999999978e-004    -2.7226669227791673e-006    0.0000000000000000e+000 ; 
    1.1599999999999977e-004    -2.7716889117513951e-006    0.0000000000000000e+000 ; 
    1.1799999999999976e-004    -2.8099964836813785e-006    0.0000000000000000e+000 ; 
    1.1999999999999976e-004    -2.8332629290238674e-006    0.0000000000000000e+000 ; 
    1.2199999999999975e-004    -2.8383210079547743e-006    0.0000000000000000e+000 ; 
    1.2399999999999976e-004    -2.8236756540460423e-006    0.0000000000000000e+000 ; 
    1.2599999999999976e-004    -2.7898334037566453e-006    0.0000000000000000e+000 ; 
    1.2799999999999975e-004    -2.7393784559222370e-006    0.0000000000000000e+000 ; 
    1.2999999999999974e-004    -2.6767693451955727e-006    0.0000000000000000e+000 ; 
    1.3199999999999974e-004    -2.6078788170743040e-006    0.0000000000000000e+000 ; 
    1.3399999999999973e-004    -2.5393425428747952e-006    0.0000000000000000e+000 ; 
    1.3599999999999973e-004    -2.4778116939307649e-006    0.0000000000000000e+000 ; 
    1.3799999999999972e-004    -2.4292155069349000e-006    0.0000000000000000e+000 ; 
    1.3999999999999972e-004    -2.3981323337039753e-006    0.0000000000000000e+000 ; 
    1.4199999999999971e-004    -2.3873445310265814e-006    0.0000000000000000e+000 ; 
    1.4399999999999971e-004    -2.3976197556477451e-006    0.0000000000000000e+000 ; 
    1.4599999999999970e-004    -2.4277256859963174e-006    0.0000000000000000e+000 ; 
    1.4799999999999969e-004    -2.4746533144724047e-006    0.0000000000000000e+000 ; 
    1.4999999999999969e-004    -2.5340004848908337e-006    0.0000000000000000e+000 ; 
    1.5199999999999968e-004    -2.6004547083122222e-006    0.0000000000000000e+000 ; 
    1.5399999999999968e-004    -2.6683125154303318e-006    0.0000000000000000e+000 ; 
    1.5599999999999967e-004    -2.7319797899664448e-006    0.0000000000000000e+000 ; 
    1.5799999999999967e-004    -2.7864105712519038e-006    0.0000000000000000e+000 ; 
    1.5999999999999966e-004    -2.8274572468706255e-006    0.0000000000000000e+000 ; 
    1.6199999999999966e-004    -2.8521197786598528e-006    0.0000000000000000e+000 ; 
    1.6399999999999965e-004    -2.8586933944844400e-006    0.0000000000000000e+000 ; 
    1.6599999999999964e-004    -2.8468219175058474e-006    0.0000000000000000e+000 ; 
    1.6799999999999964e-004    -2.8174675564237352e-006    0.0000000000000000e+000 ; 
    1.6999999999999963e-004    -2.7728083633683233e-006    0.0000000000000000e+000 ; 
    1.7199999999999963e-004    -2.7160730231615891e-006    0.0000000000000000e+000 ; 
    1.7399999999999962e-004    -2.6513206696823340e-006    0.0000000000000000e+000 ; 
    1.7599999999999962e-004    -2.5831723596929690e-006    0.0000000000000000e+000 ; 
    1.7799999999999961e-004    -2.5165015693844522e-006    0.0000000000000000e+000 ; 
