abaqus_sigma_m = [
                  0.                     0.                      ;
                  5.25E-06               0.                      ;
                 10.25E-06               0.                      ;
                 15.249999E-06           0.                      ;
                 20.25E-06               0.                      ;
                 25.249998E-06           0.                      ;
                 30.25E-06               0.                      ;
                 35.25E-06               0.                      ;
                 40.25E-06               0.                      ;
                 45.25E-06               0.                      ;
                 50.25E-06               0.                      ;
                 55.25E-06               0.                      ;
                 60.25E-06               0.                      ;
                 65.25E-06               0.                      ;
                 70.25E-06               0.                      ;
                 75.25E-06               0.                      ;
                 80.25E-06               0.                      ;
                 85.250008E-06           0.                      ;
                 90.25E-06               0.                      ;
                 95.249992E-06           0.                      ;
                100.25E-06               0.                      ;
                105.25E-06               0.                      ;
                110.25E-06               0.                      ;
                115.25E-06               0.                      ;
                120.25E-06               0.                      ;
                125.E-06                 0.                      ;
                130.25E-06               0.                      ;
                134.99998E-06            0.                      ;
                140.25002E-06            0.                      ;
                145.E-06                 0.                      ;
                150.24998E-06            0.                      ;
                155.E-06                 0.                      ;
                160.25E-06               0.                      ;
                165.25E-06               0.                      ;
                170.25E-06               0.                      ;
                175.25E-06               0.                      ;
                180.25E-06               0.                      ;
                185.25E-06               0.                      ;
                190.25E-06               0.                      ;
                195.25E-06               0.                      ;
                200.25E-06               0.                      ;
                205.25002E-06            0.                      ;
                210.25E-06               0.                      ;
                215.25E-06               0.                      ;
                220.25002E-06            0.                      ;
                225.24998E-06            0.                      ;
                230.25E-06              -1.6589541E-09           ;
                235.25E-06              -1.6589541E-09           ;
                240.24998E-06           -1.6589541E-09           ;
                245.25E-06            -542.35083E-12             ;
                250.E-06                -1.276119E-09            ;
                255.25E-06              -1.276119E-09            ;
                260.25E-06              -2.9350734E-09           ;
                265.25E-06              -4.7854452E-09           ;
                269.99997E-06           -4.4026093E-09           ;
                275.25E-06              -6.061564E-09            ;
                280.25E-06              -7.5291009E-09           ;
                285.24997E-06           -8.8052187E-09           ;
                290.E-06               -11.931711E-09            ;
                295.25E-06             -14.866783E-09            ;
                300.25E-06             -19.652229E-09            ;
                305.25E-06             -22.395885E-09            ;
                310.E-06               -28.457447E-09            ;
                315.25E-06             -34.136177E-09            ;
                320.25E-06             -41.665279E-09            ;
                325.25E-06             -50.470497E-09            ;
                330.25003E-06          -62.785038E-09            ;
                334.99997E-06          -76.37571E-09             ;
                340.25E-06             -92.518616E-09            ;
                345.25E-06            -110.12905E-09             ;
                350.24997E-06         -132.71634E-09             ;
                355.E-06              -158.04732E-09             ;
                360.25E-06            -190.71594E-09             ;
                365.25E-06            -227.97862E-09             ;
                370.25E-06            -273.15326E-09             ;
                375.E-06              -320.49725E-09             ;
                380.25E-06            -383.47369E-09             ;
                385.25E-06            -451.55463E-09             ;
                390.25E-06            -533.60907E-09             ;
                395.E-06              -623.19263E-09             ;
                400.25E-06            -737.91571E-09             ;
                405.25E-06            -864.37903E-09             ;
                410.25E-06              -1.0119621E-06           ;
                415.25E-06              -1.1798995E-06           ;
                420.25E-06              -1.3748266E-06           ;
                425.25E-06              -1.600253E-06            ;
                430.25E-06              -1.8577737E-06           ;
                435.24997E-06           -2.1523659E-06           ;
                440.25E-06              -2.4902821E-06           ;
                445.25E-06              -2.873883E-06            ;
                450.25E-06              -3.3145909E-06           ;
                455.25E-06              -3.8145742E-06           ;
                460.25003E-06           -4.3865309E-06           ;
                465.25E-06              -5.0320554E-06           ;
                470.25E-06              -5.7636547E-06           ;
                475.25E-06              -6.5956836E-06           ;
                480.25E-06              -7.5324826E-06           ;
                485.25E-06              -8.5930004E-06           ;
                490.25003E-06           -9.7869387E-06           ;
                494.99997E-06          -11.05942E-06             ;
                500.E-06               -12.562432E-06            ;
                505.E-06               -14.252843E-06            ;
                510.24997E-06          -16.249012E-06            ;
                515.25E-06             -18.384659E-06            ;
                520.25E-06             -20.775597E-06            ;
                525.24994E-06          -23.448811E-06            ;
                530.25E-06             -26.431993E-06            ;
                535.E-06               -29.585474E-06            ;
                539.99994E-06          -33.275242E-06            ;
                545.E-06               -37.381794E-06            ;
                550.25E-06             -42.188488E-06            ;
                555.25E-06             -47.285686E-06            ;
                560.25006E-06          -52.940041E-06            ;
                565.25E-06             -59.210125E-06            ;
                570.25E-06             -66.151505E-06            ;
                575.25E-06             -73.829338E-06            ;
                580.E-06               -81.873299E-06            ;
                585.E-06               -91.197441E-06            ;
                590.25E-06            -102.02589E-06             ;
