abaqus_a = [
                  0.                     0.                   ;
                  5.25E-06              14.60814              ;
                 10.25E-06              28.517616             ;
                 15.249999E-06          42.421215             ;
                 20.25E-06              56.316078             ;
                 25.249998E-06          70.199348             ;
                 30.25E-06              84.068184             ;
                 35.25E-06              97.919739             ;
                 40.25E-06             111.7512               ;
                 45.25E-06             125.55975              ;
                 50.25E-06             139.34261              ;
                 55.25E-06             153.09698              ;
                 60.25E-06             166.82013              ;
                 65.25E-06             180.50932              ;
                 70.25E-06             194.16187              ;
                 75.25E-06             207.77504              ;
                 80.25E-06             221.34624              ;
                 85.250008E-06         234.87282              ;
                 90.25E-06             248.35219              ;
                 95.249992E-06         261.7818               ;
                100.25E-06             275.15912              ;
                105.25E-06             288.48169              ;
                110.25E-06             301.74707              ;
                115.25E-06             314.95282              ;
                120.25E-06             328.09662              ;
                125.E-06               340.52371              ;
                130.25E-06             354.18912              ;
                134.99998E-06          366.48776              ;
                140.25002E-06          380.00659              ;
                145.E-06               392.16858              ;
                150.24998E-06          405.53189              ;
                155.E-06               417.54932              ;
                160.25E-06             430.74872              ;
                165.25E-06             443.23654              ;
                170.25E-06             455.64157              ;
                175.25E-06             467.96191              ;
                180.25E-06             480.19592              ;
                185.25E-06             492.34192              ;
                190.25E-06             504.39825              ;
                195.25E-06             516.3634               ;
                200.25E-06             528.23596              ;
                205.25002E-06          540.01447              ;
                210.25E-06             551.69751              ;
                215.25E-06             563.28387              ;
                220.25002E-06          574.7724               ;
                225.24998E-06          586.16187              ;
                230.25E-06             597.45129              ;
                235.25E-06             608.63953              ;
                240.24998E-06          619.72577              ;
                245.25E-06             630.70917              ;
                250.E-06               641.0473               ;
                255.25E-06             652.36407              ;
                260.25E-06             663.0343               ;
                265.25E-06             673.59894              ;
                269.99997E-06          683.53705              ;
                275.25E-06             694.40936              ;
                280.25E-06             704.65442              ;
                285.24997E-06          714.79224              ;
                290.E-06               724.32379              ;
                295.25E-06             734.74567              ;
                300.25E-06             744.56104              ;
                305.25E-06             754.2688               ;
                310.E-06               763.3916               ;
                315.25E-06             773.36194              ;
                320.25E-06             782.74774              ;
                325.25E-06             792.02667              ;
                330.25003E-06          801.19916              ;
                334.99997E-06          809.81482              ;
                340.25E-06             819.22656              ;
                345.25E-06             828.08258              ;
                350.24997E-06          836.83423              ;
                355.E-06               845.05237              ;
                360.25E-06             854.02759              ;
                365.25E-06             862.47083              ;
                370.25E-06             870.81305              ;
                375.E-06               878.64539              ;
                380.25E-06             887.19818              ;
                385.25E-06             895.24323              ;
                390.25E-06             903.19147              ;
                395.E-06               910.65369              ;
                400.25E-06             918.80237              ;
                405.25E-06             926.46765              ;
                410.25E-06             934.04132              ;
                415.25E-06             941.52484              ;
                420.25E-06             948.91962              ;
                425.25E-06             956.22729              ;
                430.25E-06             963.44934              ;
                435.24997E-06          970.58752              ;
                440.25E-06             977.64349              ;
                445.25E-06             984.61896              ;
                450.25E-06             991.51575              ;
                455.25E-06             998.33563              ;
                460.25003E-06            1.0050805E+03        ;
                465.25E-06               1.0117521E+03        ;
                470.25E-06               1.0183526E+03        ;
                475.25E-06               1.0248839E+03        ;
                480.25E-06               1.0313479E+03        ;
                485.25E-06               1.0377467E+03        ;
                490.25003E-06            1.0440824E+03        ;
                494.99997E-06            1.0500447E+03        ;
                500.E-06                 1.0562632E+03        ;
                505.E-06                 1.0624249E+03        ;
                510.24997E-06            1.0688359E+03        ;
                515.25E-06               1.0748875E+03        ;
                520.25E-06               1.080889E+03         ;
                525.24994E-06            1.0868425E+03        ;
                530.25E-06               1.0927502E+03        ;
                535.E-06                 1.0983222E+03        ;
                539.99994E-06            1.1041468E+03        ;
                545.E-06                 1.1099324E+03        ;
                550.25E-06               1.1159675E+03        ;
                555.25E-06               1.1216798E+03        ;
                560.25006E-06            1.1273597E+03        ;
                565.25E-06               1.1330097E+03        ;
                570.25E-06               1.1386318E+03        ;
                575.25E-06               1.1442285E+03        ;
                580.E-06                 1.1495239E+03        ;
                585.E-06                 1.1550772E+03        ;
                590.25E-06               1.160888E+03         ;
                595.25E-06               1.1664051E+03        ;
                600.24994E-06            1.1719077E+03        ;
                605.25E-06               1.1773982E+03        ;
                610.25E-06               1.1828786E+03        ;
                615.25006E-06            1.1883513E+03        ;
