abaqus_v = [
                  0.                     0.               ;
                  5.25E-06              38.347092E-06     ;
                 10.25E-06             146.16331E-06      ;
                 15.249999E-06         323.51346E-06      ;
                 20.25E-06             570.3609E-06       ;
                 25.249998E-06         886.65491E-06      ;
                 30.25E-06               1.2723303E-03    ;
                 35.25E-06               1.7273079E-03    ;
                 40.25E-06               2.2514942E-03    ;
                 45.25E-06               2.8447816E-03    ;
                 50.25E-06               3.5070488E-03    ;
                 55.25E-06               4.2381601E-03    ;
                 60.25E-06               5.0379667E-03    ;
                 65.25E-06               5.9063048E-03    ;
                 70.25E-06               6.842999E-03     ;
                 75.25E-06               7.8478575E-03    ;
                 80.25E-06               8.9206791E-03    ;
                 85.250008E-06          10.061245E-03     ;
                 90.25E-06              11.269328E-03     ;
                 95.249992E-06          12.544684E-03     ;
                100.25E-06              13.887059E-03     ;
                105.25E-06              15.296185E-03     ;
                110.25E-06              16.77178E-03      ;
                115.25E-06              18.313555E-03     ;
                120.25E-06              19.921206E-03     ;
                125.E-06                21.509203E-03     ;
                130.25E-06              23.332855E-03     ;
                134.99998E-06           25.044487E-03     ;
                140.25002E-06           27.00407E-03      ;
                145.E-06                28.838013E-03     ;
                150.24998E-06           30.932013E-03     ;
                155.E-06                32.88686E-03      ;
                160.25E-06              35.113682E-03     ;
                165.25E-06              37.298676E-03     ;
                170.25E-06              39.54591E-03      ;
                175.25E-06              41.85495E-03      ;
                180.25E-06              44.225384E-03     ;
                185.25E-06              46.656765E-03     ;
                190.25E-06              49.148651E-03     ;
                195.25E-06              51.700596E-03     ;
                200.25E-06              54.312134E-03     ;
                205.25002E-06           56.982796E-03     ;
                210.25E-06              59.712116E-03     ;
                215.25E-06              62.499607E-03     ;
                220.25002E-06           65.344795E-03     ;
                225.24998E-06           68.247169E-03     ;
                230.25E-06              71.206245E-03     ;
                235.25E-06              74.221512E-03     ;
                240.24998E-06           77.292473E-03     ;
                245.25E-06              80.418602E-03     ;
                250.E-06                83.439056E-03     ;
                255.25E-06              86.834312E-03     ;
                260.25E-06              90.122856E-03     ;
                265.25E-06              93.464478E-03     ;
                269.99997E-06           96.687721E-03     ;
                275.25E-06             100.30488E-03      ;
                280.25E-06             103.80258E-03      ;
                285.24997E-06          107.35124E-03      ;
                290.E-06               110.76918E-03      ;
                295.25E-06             114.59929E-03      ;
                300.25E-06             118.2976E-03       ;
                305.25E-06             122.04472E-03      ;
                310.E-06               125.6492E-03       ;
                315.25E-06             129.68323E-03      ;
                320.25E-06             133.57355E-03      ;
                325.25E-06             137.51054E-03      ;
                330.25003E-06          141.49364E-03      ;
                334.99997E-06          145.31984E-03      ;
                340.25E-06             149.59613E-03      ;
                345.25E-06             153.71443E-03      ;
                350.24997E-06          157.87677E-03      ;
                355.E-06               161.87128E-03      ;
                360.25E-06             166.33142E-03      ;
                365.25E-06             170.62271E-03      ;
                370.25E-06             174.95596E-03      ;
                375.E-06               179.11096E-03      ;
                380.25E-06             183.74635E-03      ;
                385.25E-06             188.2025E-03       ;
                390.25E-06             192.69861E-03      ;
                395.E-06               197.00655E-03      ;
                400.25E-06             201.8089E-03       ;
                405.25E-06             206.42212E-03      ;
                410.25E-06             211.07343E-03      ;
                415.25E-06             215.76237E-03      ;
                420.25E-06             220.48854E-03      ;
                425.25E-06             225.25143E-03      ;
                430.25E-06             230.05066E-03      ;
                435.24997E-06          234.88579E-03      ;
                440.25E-06             239.75639E-03      ;
                445.25E-06             244.66209E-03      ;
                450.25E-06             249.60245E-03      ;
                455.25E-06             254.5771E-03       ;
                460.25003E-06          259.58569E-03      ;
                465.25E-06             264.62778E-03      ;
                470.25E-06             269.70309E-03      ;
                475.25E-06             274.81122E-03      ;
                480.25E-06             279.95181E-03      ;
                485.25E-06             285.12457E-03      ;
                490.25003E-06          290.32919E-03      ;
                494.99997E-06          295.30273E-03      ;
                500.E-06               300.56854E-03      ;
                505.E-06               305.8653E-03       ;
                510.24997E-06          311.45987E-03      ;
                515.25E-06             316.81918E-03      ;
                520.25E-06             322.20868E-03      ;
                525.24994E-06          327.62802E-03      ;
                530.25E-06             333.07703E-03      ;
                535.E-06               338.28082E-03      ;
                539.99994E-06          343.78702E-03      ;
                545.E-06               349.32224E-03      ;
                550.25E-06             355.16525E-03      ;
                555.25E-06             360.75937E-03      ;
                560.25006E-06          366.38196E-03      ;
                565.25E-06             372.0329E-03       ;
                570.25E-06             377.71201E-03      ;
                575.25E-06             383.41919E-03      ;
                580.E-06               388.86685E-03      ;
                585.E-06               394.62839E-03      ;
                590.25E-06             400.70779E-03      ;
                595.25E-06             406.52603E-03      ;
                600.24994E-06          412.37183E-03      ;
                605.25E-06             418.24509E-03      ;
                610.25E-06             424.14578E-03      ;
                615.25006E-06          430.07385E-03      ;
                620.E-06               435.73083E-03      ;
                625.E-06               441.71222E-03      ;
                630.25006E-06          448.02209E-03      ;
                635.25006E-06          454.05945E-03      ;
                640.24994E-06          460.12415E-03      ;
                645.25E-06             466.21619E-03      ;
                650.25E-06             472.33554E-03      ;
                655.25E-06             478.48233E-03      ;
                660.25E-06             484.65656E-03      ;
