%%%
%%%  JOB TITLE : FINAL TEST: LINEAR TEST 1 -- COMPRESSIVE PULSE LOAD, 10 ELEMENTS, dt = 1e-6
%%%  JOB ID    : {12c6d8d5-ebd3-4602-aacf-1f3123dee791}
%%%  SUBMITED ON : 17 Febuary 2014, 19:03:52
%%%
%%% ------
%%%
%%%  THIS IS STEP  0 : Transient analysis with no hourglass control

gpu_01 = [
    1.9999999999999999e-006    0.0000000000000000e+000    0.0000000000000000e+000 ; 
    3.9999999999999998e-006    0.0000000000000000e+000    0.0000000000000000e+000 ; 
    5.9999999999999993e-006    0.0000000000000000e+000    0.0000000000000000e+000 ; 
    7.9999999999999996e-006    0.0000000000000000e+000    0.0000000000000000e+000 ; 
    1.0000000000000001e-005    0.0000000000000000e+000    0.0000000000000000e+000 ; 
    1.2000000000000002e-005    0.0000000000000000e+000    -1.0000000000000000e+003 ; 
    1.4000000000000003e-005    -2.4234897821360221e-008    -1.0000000000000000e+003 ; 
    1.6000000000000003e-005    -7.8260454611942824e-008    -1.0000000000000000e+003 ; 
    1.8000000000000004e-005    -1.5656968304740930e-007    -1.0000000000000000e+003 ; 
    2.0000000000000005e-005    -2.5192179404631866e-007    -1.0000000000000000e+003 ; 
    2.2000000000000006e-005    -3.5680387403972922e-007    -1.0000000000000000e+003 ; 
    2.4000000000000007e-005    -4.6478842462501716e-007    -1.0000000000000000e+003 ; 
    2.6000000000000009e-005    -5.7144295701871998e-007    -1.0000000000000000e+003 ; 
    2.8000000000000010e-005    -6.7459262292886733e-007    -1.0000000000000000e+003 ; 
    3.0000000000000011e-005    -7.7393498496284816e-007    -1.0000000000000000e+003 ; 
    3.2000000000000005e-005    -8.7019646526706286e-007    -1.0000000000000000e+003 ; 
    3.4000000000000000e-005    -9.6414524966119131e-007    -1.0000000000000000e+003 ; 
    3.5999999999999994e-005    -1.0557991460930491e-006    -1.0000000000000000e+003 ; 
    3.7999999999999989e-005    -1.1440848390438305e-006    -1.0000000000000000e+003 ; 
    3.9999999999999983e-005    -1.2270456761513044e-006    -1.0000000000000000e+003 ; 
    4.1999999999999977e-005    -1.3025103957457349e-006    -1.0000000000000000e+003 ; 
    4.3999999999999972e-005    -1.3689835669508591e-006    -1.0000000000000000e+003 ; 
    4.5999999999999966e-005    -1.4264467645633542e-006    -1.0000000000000000e+003 ; 
    4.7999999999999961e-005    -1.4767883340252626e-006    -1.0000000000000000e+003 ; 
    4.9999999999999955e-005    -1.5236976976817166e-006    -1.0000000000000000e+003 ; 
    5.1999999999999949e-005    -1.5720284510592293e-006    -1.0000000000000000e+003 ; 
    5.3999999999999944e-005    -1.6267991154823775e-006    -1.0000000000000000e+003 ; 
    5.5999999999999938e-005    -1.6921099644035756e-006    -1.0000000000000000e+003 ; 
    5.7999999999999933e-005    -1.7702760709286419e-006    -1.0000000000000000e+003 ; 
    5.9999999999999927e-005    -1.8614063718147870e-006    -1.0000000000000000e+003 ; 
    6.1999999999999921e-005    -1.9635209217938506e-006    -1.0000000000000000e+003 ; 
    6.3999999999999916e-005    -2.0731388270723477e-006    -1.0000000000000000e+003 ; 
    6.5999999999999910e-005    -2.1861382307593215e-006    -1.0000000000000000e+003 ; 
    6.7999999999999905e-005    -2.2986269217594345e-006    -1.0000000000000000e+003 ; 
    6.9999999999999899e-005    -2.4075841228921131e-006    -1.0000000000000000e+003 ; 
    7.1999999999999893e-005    -2.5111294175788850e-006    -1.0000000000000000e+003 ; 
    7.3999999999999888e-005    -2.6084089589426612e-006    -1.0000000000000000e+003 ; 
    7.5999999999999882e-005    -2.6992161656998868e-006    0.0000000000000000e+000 ; 
    7.7999999999999877e-005    -2.7753893883278261e-006    0.0000000000000000e+000 ; 
    7.9999999999999871e-005    -2.8134458404704771e-006    0.0000000000000000e+000 ; 
    8.1999999999999865e-005    -2.8172465991218216e-006    0.0000000000000000e+000 ; 
    8.3999999999999860e-005    -2.7930883418052589e-006    0.0000000000000000e+000 ; 
    8.5999999999999854e-005    -2.7487571478191790e-006    0.0000000000000000e+000 ; 
    8.7999999999999849e-005    -2.6924997593492373e-006    0.0000000000000000e+000 ; 
    8.9999999999999843e-005    -2.6320974180741822e-006    0.0000000000000000e+000 ; 
    9.1999999999999837e-005    -2.5741827376684490e-006    0.0000000000000000e+000 ; 
    9.3999999999999832e-005    -2.5238695311746432e-006    0.0000000000000000e+000 ; 
    9.5999999999999826e-005    -2.4846879021975819e-006    0.0000000000000000e+000 ; 
    9.7999999999999821e-005    -2.4587513279741516e-006    0.0000000000000000e+000 ; 
    9.9999999999999815e-005    -2.4470435667339620e-006    0.0000000000000000e+000 ; 
    1.0199999999999981e-004    -2.4497079050437122e-006    0.0000000000000000e+000 ; 
    1.0399999999999980e-004    -2.4662474865838402e-006    0.0000000000000000e+000 ; 
    1.0599999999999980e-004    -2.4955934112583529e-006    0.0000000000000000e+000 ; 
    1.0799999999999979e-004    -2.5360523789805440e-006    0.0000000000000000e+000 ; 
    1.0999999999999979e-004    -2.5851925405190761e-006    0.0000000000000000e+000 ; 
    1.1199999999999978e-004    -2.6397527446561530e-006    0.0000000000000000e+000 ; 
    1.1399999999999978e-004    -2.6956603988190487e-006    0.0000000000000000e+000 ; 
    1.1599999999999977e-004    -2.7482177225248558e-006    0.0000000000000000e+000 ; 
    1.1799999999999976e-004    -2.7924727477198013e-006    0.0000000000000000e+000 ; 
    1.1999999999999976e-004    -2.8237416556685133e-006    0.0000000000000000e+000 ; 
    1.2199999999999975e-004    -2.8382056156277627e-006    0.0000000000000000e+000 ; 
    1.2399999999999976e-004    -2.8334787581626984e-006    0.0000000000000000e+000 ; 
    1.2599999999999976e-004    -2.8090403012894058e-006    0.0000000000000000e+000 ; 
    1.2799999999999975e-004    -2.7664435301933950e-006    0.0000000000000000e+000 ; 
    1.2999999999999974e-004    -2.7092523613061532e-006    0.0000000000000000e+000 ; 
    1.3199999999999974e-004    -2.6427038628326350e-006    0.0000000000000000e+000 ; 
    1.3399999999999973e-004    -2.5731421146396018e-006    0.0000000000000000e+000 ; 
    1.3599999999999973e-004    -2.5073058269257633e-006    0.0000000000000000e+000 ; 
    1.3799999999999972e-004    -2.4515727034531314e-006    0.0000000000000000e+000 ; 
    1.3999999999999972e-004    -2.4112650796799017e-006    0.0000000000000000e+000 ; 
    1.4199999999999971e-004    -2.3901053759544138e-006    0.0000000000000000e+000 ; 
    1.4399999999999971e-004    -2.3898811072407564e-006    0.0000000000000000e+000 ; 
    1.4599999999999970e-004    -2.4103441580397190e-006    0.0000000000000000e+000 ; 
    1.4799999999999969e-004    -2.4493346007666035e-006    0.0000000000000000e+000 ; 
    1.4999999999999969e-004    -2.5030912066059456e-006    0.0000000000000000e+000 ; 
    1.5199999999999968e-004    -2.5666925941747509e-006    0.0000000000000000e+000 ; 
    1.5399999999999968e-004    -2.6345658846750807e-006    0.0000000000000000e+000 ; 
    1.5599999999999967e-004    -2.7010027704284739e-006    0.0000000000000000e+000 ; 
    1.5799999999999967e-004    -2.7606334486428663e-006    0.0000000000000000e+000 ; 
    1.5999999999999966e-004    -2.8088235359260421e-006    0.0000000000000000e+000 ; 
    1.6199999999999966e-004    -2.8419744979571949e-006    0.0000000000000000e+000 ; 
    1.6399999999999965e-004    -2.8577215953662031e-006    0.0000000000000000e+000 ; 
    1.6599999999999964e-004    -2.8550331799081798e-006    0.0000000000000000e+000 ; 
    1.6799999999999964e-004    -2.8342208147984584e-006    0.0000000000000000e+000 ; 
    1.6999999999999963e-004    -2.7968715669255841e-006    0.0000000000000000e+000 ; 
    1.7199999999999963e-004    -2.7457130526305302e-006    0.0000000000000000e+000 ; 
    1.7399999999999962e-004    -2.6844198794091350e-006    0.0000000000000000e+000 ; 
    1.7599999999999962e-004    -2.6173684652216444e-006    0.0000000000000000e+000 ; 
    1.7799999999999961e-004    -2.5493469738807126e-006    0.0000000000000000e+000 ; 
