abaqus_u = [
                  0.                     0.                   ;
                  2.E-06                 0.                   ;
                  4.E-06                 0.                   ;
                  6.E-06                 0.                   ;
                  8.E-06                 0.                   ;
                 10.E-06                 0.                   ;
                 12.E-06              -815.28638E-12          ;
                 14.E-06                -4.7811298E-09        ;
                 16.E-06               -11.480821E-09         ;
                 18.000002E-06         -20.259592E-09         ;
                 20.E-06               -30.361229E-09         ;
                 22.E-06               -41.07386E-09          ;
                 24.E-06               -51.846909E-09         ;
                 26.E-06               -62.351028E-09         ;
                 28.E-06               -72.470665E-09         ;
                 30.E-06               -82.239273E-09         ;
                 32.E-06               -91.743454E-09         ;
                 34.E-06              -101.03003E-09          ;
                 36.000004E-06        -110.04706E-09          ;
                 38.E-06              -118.63715E-09          ;
                 40.E-06              -126.58349E-09          ;
                 42.E-06              -133.69141E-09          ;
                 44.E-06              -139.87695E-09          ;
                 46.E-06              -145.23141E-09          ;
                 48.E-06              -150.03853E-09          ;
                 49.999996E-06        -154.73625E-09          ;
                 52.E-06              -159.83189E-09          ;
                 54.E-06              -165.7943E-09           ;
                 56.E-06              -172.95262E-09          ;
                 58.000004E-06        -181.43002E-09          ;
                 60.E-06              -191.1282E-09           ;
                 62.E-06              -201.76453E-09          ;
                 64.E-06              -212.94736E-09          ;
                 66.E-06              -224.26607E-09          ;
                 68.E-06              -235.36914E-09          ;
                 70.E-06              -246.01073E-09          ;
                 72.000008E-06        -256.0575E-09           ;
                 74.E-06              -265.46225E-09          ;
                 76.E-06              -274.2193E-09           ;
                 77.999992E-06        -279.90079E-09          ;
                 80.E-06              -281.92819E-09          ;
                 82.E-06              -280.81985E-09          ;
                 84.E-06              -277.29282E-09          ;
                 86.E-06              -272.16129E-09          ;
                 88.E-06              -266.23694E-09          ;
                 90.E-06              -260.24713E-09          ;
                 92.E-06              -254.78191E-09          ;
                 94.000008E-06        -250.27251E-09          ;
                 96.E-06              -246.99796E-09          ;
                 98.E-06              -245.10931E-09          ;
                 99.999992E-06        -244.65967E-09          ;
                102.E-06              -245.62967E-09          ;
                104.E-06              -247.94098E-09          ;
                106.E-06              -251.45668E-09          ;
                108.E-06              -255.97212E-09          ;
                110.E-06              -261.20316E-09          ;
                112.E-06              -266.78207E-09          ;
                114.E-06              -272.26672E-09          ;
                116.00001E-06         -277.16891E-09          ;
                117.99999E-06         -280.99966E-09          ;
                120.E-06              -283.32632E-09          ;
                121.99999E-06         -283.83206E-09          ;
                124.E-06              -282.36755E-09          ;
                126.E-06              -278.98334E-09          ;
                128.E-06              -273.93784E-09          ;
                130.E-06              -267.67691E-09          ;
                132.E-06              -260.78787E-09          ;
                134.E-06              -253.9342E-09           ;
                136.E-06              -247.78114E-09          ;
                138.E-06              -242.92152E-09          ;
                140.E-06              -239.81323E-09          ;
                142.E-06              -238.73445E-09          ;
                144.00002E-06         -239.76198E-09          ;
                146.00002E-06         -242.77258E-09          ;
                148.E-06              -247.46536E-09          ;
                149.99998E-06         -253.40005E-09          ;
                152.E-06              -260.0455E-09           ;
                154.E-06              -266.83124E-09          ;
                155.99998E-06         -273.198E-09            ;
                158.E-06              -278.64108E-09          ;
                160.E-06              -282.74576E-09          ;
                162.E-06              -285.21204E-09          ;
                164.E-06              -285.86938E-09          ;
                166.E-06              -284.68225E-09          ;
                168.E-06              -281.7468E-09           ;
                170.E-06              -277.28088E-09          ;
                172.E-06              -271.60733E-09          ;
                174.E-06              -265.13208E-09          ;
                176.E-06              -258.31723E-09          ;
                178.E-06              -251.65018E-09          ;
                180.E-06              -245.60944E-09          ;
                182.E-06              -240.62917E-09          ;
                184.E-06              -237.06395E-09          ;
                186.E-06              -235.15666E-09          ;
                188.00002E-06         -235.01219E-09          ;
                190.00002E-06         -236.58009E-09          ;
                192.E-06              -239.64854E-09          ;
                193.99998E-06         -243.85172E-09          ;
                196.E-06              -248.69066E-09          ;
                198.E-06              -253.56755E-09          ;
                199.99998E-06         -257.83041E-09          ;
                201.99998E-06         -260.82495E-09          ;
                204.E-06              -261.94876E-09          ;
                206.E-06              -260.70239E-09          ;
                208.E-06              -256.73242E-09          ;
                210.E-06              -249.86163E-09          ;
                212.E-06              -240.10338E-09          ;
                214.E-06              -227.65851E-09          ;
                216.E-06              -212.89459E-09          ;
                218.E-06              -196.31058E-09          ;
                220.E-06              -178.49001E-09          ;
                222.E-06              -160.04773E-09          ;
                224.E-06              -141.576E-09            ;
                226.00002E-06         -123.59472E-09          ;
                228.E-06              -106.51082E-09          ;
                230.E-06               -90.590088E-09         ;
                232.00002E-06          -75.943092E-09         ;
                234.00002E-06          -62.525524E-09         ;
                235.99998E-06          -50.151779E-09         ;
                237.99998E-06          -38.519295E-09         ;
                240.E-06               -27.240833E-09         ;
                242.E-06               -15.881408E-09         ;
                243.99998E-06           -3.9969432E-09        ;
                246.E-06                 8.8278246E-09        ;
