abaqus_a = [
                  0.                     0.             ;
                  2.E-06                 0.             ;
                  4.E-06                 0.             ;
                  6.E-06                 0.             ;
                  8.E-06                 0.             ;
                 10.E-06                 0.             ;
                 12.E-06              -792.91699        ;
                 14.E-06              -687.27502        ;
                 16.E-06              -521.37439        ;
                 18.000002E-06        -329.96295        ;
                 20.E-06              -150.11168        ;
                 22.E-06               -11.511741       ;
                 24.E-06                70.692101       ;
                 26.E-06                98.512802       ;
                 28.E-06                88.579483       ;
                 30.E-06                65.415245       ;
                 32.E-06                52.750843       ;
                 34.E-06                65.629402       ;
                 36.000004E-06         105.73109        ;
                 38.E-06               161.27385        ;
                 40.E-06               211.38368        ;
                 42.E-06               233.42561        ;
                 44.E-06               210.89433        ;
                 46.E-06               139.34032        ;
                 48.E-06                28.482838       ;
                 49.999996E-06        -100.10249        ;
                 52.E-06              -218.935          ;
                 54.E-06              -302.31253        ;
                 56.E-06              -333.33545        ;
                 58.000004E-06        -308.15375        ;
                 60.E-06              -236.2574         ;
                 62.E-06              -136.90421        ;
                 64.E-06               -32.983608       ;
                 66.E-06                55.641842       ;
                 68.E-06               117.21129        ;
                 70.E-06               150.06702        ;
                 72.000008E-06         161.16985        ;
                 74.E-06               161.88379        ;
                 76.E-06               977.94824        ;
                 77.999992E-06         918.00427        ;
                 80.E-06               787.06049        ;
                 82.E-06               606.20447        ;
                 84.E-06               401.04593        ;
                 86.E-06               196.81781        ;
                 88.E-06                14.146072       ;
                 90.E-06              -133.66013        ;
                 92.E-06              -241.37218        ;
                 94.000008E-06        -310.73325        ;
                 96.E-06              -347.9902         ;
                 98.E-06              -360.86166        ;
                 99.999992E-06        -355.79755        ;
                102.E-06              -336.22626        ;
                104.E-06              -302.16458        ;
                106.E-06              -251.16959        ;
                108.E-06              -180.25377        ;
                110.E-06               -88.143654       ;
                112.E-06                22.800253       ;
                114.E-06               145.57225        ;
                116.00001E-06          268.73514        ;
                117.99999E-06          377.85629        ;
                120.E-06               457.85864        ;
                121.99999E-06          495.76431        ;
                124.E-06               483.22495        ;
                126.E-06               418.29755        ;
                128.E-06               306.10184        ;
                130.E-06               158.24622        ;
                132.E-06                -8.8348894      ;
                134.E-06              -176.28621        ;
                136.E-06              -325.51483        ;
                138.E-06              -440.67728        ;
                140.E-06              -510.57892        ;
                142.E-06              -529.74194        ;
                144.00002E-06         -498.57495        ;
                146.00002E-06         -422.7381         ;
                148.E-06              -311.91733        ;
                149.99998E-06         -178.28268        ;
                152.E-06               -34.905968       ;
                154.E-06               105.63768        ;
                155.99998E-06          232.33611        ;
                158.E-06               336.41577        ;
                160.E-06               411.64603        ;
                162.E-06               454.34653        ;
                164.E-06               463.20157        ;
                166.E-06               438.98419        ;
                168.E-06               384.27313        ;
                170.E-06               303.21057        ;
                172.E-06               201.31108        ;
                174.E-06                85.298904       ;
                176.E-06               -37.072681       ;
                178.E-06              -157.27388        ;
                180.E-06              -266.36829        ;
                182.E-06              -355.52371        ;
                184.E-06              -416.65527        ;
                186.E-06              -443.15601        ;
                188.00002E-06         -430.63708        ;
                190.00002E-06         -377.5777         ;
                192.E-06              -285.77716        ;
                193.99998E-06         -160.51389        ;
                196.E-06               -10.345879       ;
                198.E-06               153.46767        ;
                199.99998E-06          317.89285        ;
                201.99998E-06          469.31152        ;
                204.E-06               594.84985        ;
                206.E-06               683.6908         ;
                208.E-06               728.21338        ;
                210.E-06               724.8139         ;
                212.E-06               674.30524        ;
                214.E-06               581.83868        ;
                216.E-06               456.35553        ;
                218.E-06               309.63541        ;
                220.E-06               155.05553        ;
                222.E-06                 6.2171826      ;
                224.E-06              -124.39766        ;
                226.00002E-06         -226.58202        ;
                228.E-06              -293.24716        ;
                230.E-06              -320.8786         ;
                232.00002E-06         -309.58731        ;
                234.00002E-06         -262.79584        ;
                235.99998E-06         -186.64813        ;
                237.99998E-06          -89.255646       ;
                240.E-06                20.100863       ;
                242.E-06               131.71506        ;
                243.99998E-06          236.08348        ;
                246.E-06               324.40085        ;
                248.E-06               388.94537        ;
                250.E-06               423.40222        ;
                252.E-06               423.17596        ;
                254.00002E-06          385.72159        ;
                256.E-06               310.88791        ;
                258.E-06               201.2222         ;
                260.E-06                62.151524       ;
                262.E-06               -98.059296       ;
                264.E-06              -268.65756        ;
                266.E-06              -437.10217        ;
                268.E-06              -590.09113        ;
                269.99997E-06         -714.82178        ;
                272.E-06              -800.33276        ;
