%%%
%%%  JOB TITLE : FINAL TEST: LINEAR TEST 5 -- COMPRESSIVE PULSE LOAD, 80000 ELEMENTS, dt = 5e-8
%%%  JOB ID    : {998e5e26-401a-4379-8613-4418d90c1cca}
%%%  SUBMITED ON : 17 Febuary 2014, 21:24:40
%%%
%%% ------
%%%
%%%  THIS IS STEP  0 : Transient analysis with no hourglass control

gpu_05 = [
    1.9999999999999986e-006    0.0000000000000000e+000    0.0000000000000000e+000 ; 
    3.9999999999999981e-006    0.0000000000000000e+000    0.0000000000000000e+000 ; 
    6.0000000000000129e-006    0.0000000000000000e+000    0.0000000000000000e+000 ; 
    8.0000000000000217e-006    0.0000000000000000e+000    0.0000000000000000e+000 ; 
    1.0000000000000003e-005    0.0000000000000000e+000    -1.5365677049225104e-009 ; 
    1.1999999999999983e-005    -7.1462382360277077e-008    -9.0702947845804989e+000 ; 
    1.3999999999999964e-005    -1.4852239807407859e-007    -9.0702947845804989e+000 ; 
    1.5999999999999969e-005    -2.3259295662773347e-007    -9.0702947845804989e+000 ; 
    1.8000000000000017e-005    -3.1801429458713263e-007    -9.0702947845804989e+000 ; 
    2.0000000000000066e-005    -4.0785990717567975e-007    -9.0702947845804989e+000 ; 
    2.2000000000000115e-005    -4.9292434197510684e-007    -9.0702947845804989e+000 ; 
    2.4000000000000163e-005    -5.7538732981083851e-007    -9.0702947845804989e+000 ; 
    2.6000000000000212e-005    -6.5085376318769686e-007    -9.0702947845804989e+000 ; 
    2.8000000000000260e-005    -7.2367407893866173e-007    -9.0702947845804989e+000 ; 
    3.0000000000000309e-005    -7.9269424254173530e-007    -9.0702947845804989e+000 ; 
    3.2000000000000358e-005    -8.6886719016203110e-007    -9.0702947845804989e+000 ; 
    3.4000000000000406e-005    -9.5043402980863390e-007    -9.0702947845804989e+000 ; 
    3.6000000000000455e-005    -1.0383555205352417e-006    -9.0702947845804989e+000 ; 
    3.8000000000000504e-005    -1.1290452379457400e-006    -9.0702947845804989e+000 ; 
    4.0000000000000552e-005    -1.2227106517612308e-006    -9.0702947845804989e+000 ; 
    4.2000000000000601e-005    -1.3093856746409952e-006    -9.0702947845804989e+000 ; 
    4.4000000000000649e-005    -1.3881529739098570e-006    -9.0702947845804989e+000 ; 
    4.6000000000000698e-005    -1.4602598736384609e-006    -9.0702947845804989e+000 ; 
    4.8000000000000747e-005    -1.5275995281928346e-006    -9.0702947845804989e+000 ; 
    5.0000000000000795e-005    -1.5960305802572103e-006    -9.0702947845804989e+000 ; 
    5.2000000000000844e-005    -1.6721578606594186e-006    -9.0702947845804989e+000 ; 
    5.4000000000000892e-005    -1.7554327702422716e-006    -9.0702947845804989e+000 ; 
    5.6000000000000941e-005    -1.8446274112930638e-006    -9.0702947845804989e+000 ; 
    5.8000000000000990e-005    -1.9379809065960388e-006    -9.0702947845804989e+000 ; 
    6.0000000000001038e-005    -2.0299673387382467e-006    -9.0702947845804989e+000 ; 
    6.2000000000001087e-005    -2.1178088289065244e-006    -9.0702947845804989e+000 ; 
    6.4000000000001136e-005    -2.1969846601790273e-006    -9.0702947845804989e+000 ; 
    6.6000000000001184e-005    -2.2708961451780129e-006    -9.0702947845804989e+000 ; 
    6.8000000000001233e-005    -2.3387450528020946e-006    -9.0702947845804989e+000 ; 
    7.0000000000001281e-005    -2.4063656677072624e-006    -9.0702947845804989e+000 ; 
    7.2000000000001330e-005    -2.4787365824139310e-006    -9.0702947845804989e+000 ; 
    7.4000000000001379e-005    -2.5595039085116863e-006    -9.0702947845804989e+000 ; 
    7.6000000000001427e-005    -2.6125301287013606e-006    0.0000000000000000e+000 ; 
    7.8000000000001476e-005    -2.6348664541808022e-006    0.0000000000000000e+000 ; 
    8.0000000000001524e-005    -2.6463389632387210e-006    0.0000000000000000e+000 ; 
    8.2000000000001573e-005    -2.6527957001836739e-006    0.0000000000000000e+000 ; 
    8.4000000000001622e-005    -2.6434999574106978e-006    0.0000000000000000e+000 ; 
    8.6000000000001670e-005    -2.6289757233094113e-006    0.0000000000000000e+000 ; 
    8.8000000000001719e-005    -2.6119400603474792e-006    0.0000000000000000e+000 ; 
    9.0000000000001767e-005    -2.6024334531242491e-006    0.0000000000000000e+000 ; 
    9.2000000000001816e-005    -2.6003139539984634e-006    0.0000000000000000e+000 ; 
    9.4000000000001865e-005    -2.6112571572687731e-006    0.0000000000000000e+000 ; 
    9.6000000000001913e-005    -2.6252216959451921e-006    0.0000000000000000e+000 ; 
    9.8000000000001962e-005    -2.6371150401587192e-006    0.0000000000000000e+000 ; 
    1.0000000000000201e-004    -2.6452596170559633e-006    0.0000000000000000e+000 ; 
    1.0200000000000206e-004    -2.6462513161390993e-006    0.0000000000000000e+000 ; 
    1.0400000000000211e-004    -2.6364627378261133e-006    0.0000000000000000e+000 ; 
    1.0600000000000216e-004    -2.6246432991729610e-006    0.0000000000000000e+000 ; 
    1.0800000000000221e-004    -2.6116025063460148e-006    0.0000000000000000e+000 ; 
    1.1000000000000225e-004    -2.6038748269126379e-006    0.0000000000000000e+000 ; 
    1.1200000000000230e-004    -2.6058162095673634e-006    0.0000000000000000e+000 ; 
    1.1400000000000235e-004    -2.6141869359431500e-006    0.0000000000000000e+000 ; 
    1.1600000000000240e-004    -2.6257997173524026e-006    0.0000000000000000e+000 ; 
    1.1800000000000245e-004    -2.6368858379082424e-006    0.0000000000000000e+000 ; 
    1.2000000000000250e-004    -2.6423747684058197e-006    0.0000000000000000e+000 ; 
    1.2200000000000255e-004    -2.6428280203169715e-006    0.0000000000000000e+000 ; 
    1.2400000000000258e-004    -2.6350080569108117e-006    0.0000000000000000e+000 ; 
    1.2600000000000263e-004    -2.6254435259105084e-006    0.0000000000000000e+000 ; 
    1.2800000000000268e-004    -2.6144221264776088e-006    0.0000000000000000e+000 ; 
    1.3000000000000273e-004    -2.6085204305619973e-006    0.0000000000000000e+000 ; 
    1.3200000000000277e-004    -2.6068308219008107e-006    0.0000000000000000e+000 ; 
    1.3400000000000282e-004    -2.6139672359424386e-006    0.0000000000000000e+000 ; 
    1.3600000000000287e-004    -2.6222293927109477e-006    0.0000000000000000e+000 ; 
    1.3800000000000292e-004    -2.6338665181662617e-006    0.0000000000000000e+000 ; 
    1.4000000000000297e-004    -2.6388328945889782e-006    0.0000000000000000e+000 ; 
    1.4200000000000302e-004    -2.6423967158695174e-006    0.0000000000000000e+000 ; 
    1.4400000000000307e-004    -2.6356196062963683e-006    0.0000000000000000e+000 ; 
    1.4600000000000312e-004    -2.6295269961251378e-006    0.0000000000000000e+000 ; 
    1.4800000000000316e-004    -2.6175656953858298e-006    0.0000000000000000e+000 ; 
    1.5000000000000321e-004    -2.6126545876877337e-006    0.0000000000000000e+000 ; 
    1.5200000000000326e-004    -2.6071197663404284e-006    0.0000000000000000e+000 ; 
    1.5400000000000331e-004    -2.6126638483092862e-006    0.0000000000000000e+000 ; 
    1.5600000000000336e-004    -2.6175142568171174e-006    0.0000000000000000e+000 ; 
    1.5800000000000341e-004    -2.6298621925625325e-006    0.0000000000000000e+000 ; 
    1.6000000000000346e-004    -2.6359307861591593e-006    0.0000000000000000e+000 ; 
    1.6200000000000350e-004    -2.6424930513576622e-006    0.0000000000000000e+000 ; 
    1.6400000000000355e-004    -2.6374177105107342e-006    0.0000000000000000e+000 ; 
    1.6600000000000360e-004    -2.6331175054799955e-006    0.0000000000000000e+000 ; 
    1.6800000000000365e-004    -2.6204313071221516e-006    0.0000000000000000e+000 ; 
    1.7000000000000370e-004    -2.6152913411933027e-006    0.0000000000000000e+000 ; 
    1.7200000000000375e-004    -2.6091392224484967e-006    0.0000000000000000e+000 ; 
    1.7400000000000380e-004    -2.6119088652549203e-006    0.0000000000000000e+000 ; 
    1.7600000000000384e-004    -2.6154244660243992e-006    0.0000000000000000e+000 ; 
    1.7800000000000389e-004    -2.6251780802849804e-006    0.0000000000000000e+000 ; 
