%%%
%%%  JOB TITLE : LINEAR DYNAMIC EXPLICIT SOLVER TEST SERIES -- TEST 11: BOUNDARY CONDITION INACTIVATION (PRESCRIBED VELOCITY)
%%%  JOB ID    : {56663df5-16ee-4c53-a828-ddcfd787ab79}
%%%  SUBMITED ON : 12 March 2014, 00:07:35
%%%
%%% ------
%%%
%%%  THIS IS STEP  0 : <untitled>

results = [
    4.9999999999999955e-005    2.4499999999999986e-005    9.9999999999999911e-001    2.0000000000000018e+004    -2.1862625140000513e+004 ; 
    9.9999999999999815e-005    9.8999999999999872e-005    1.9999999999999962e+000    2.0000000000000018e+004    -4.6959475663555953e+004 ; 
    1.4999999999999969e-004    2.2349999999999961e-004    2.9999999999999938e+000    2.0000000000000018e+004    -7.1624439596607321e+004 ; 
    1.9999999999999955e-004    3.9799999999999921e-004    3.9999999999999907e+000    2.0000000000000018e+004    -9.1097002485686127e+004 ; 
    2.4999999999999957e-004    6.2249999999999860e-004    4.9999999999999911e+000    1.9999999999999574e+004    -6.8973832134595490e+004 ; 
    3.0000000000000079e-004    8.9699999999999860e-004    6.0000000000000151e+000    1.9999999999999574e+004    -4.5692424492333943e+004 ; 
    3.5000000000000200e-004    1.2214999999999999e-003    7.0000000000000391e+000    1.9999999999999574e+004    -2.1125151430922851e+004 ; 
    4.0000000000000322e-004    1.5960000000000024e-003    8.0000000000000639e+000    2.0000000000000462e+004    -2.7526262638401045e+003 ; 
    4.5000000000000443e-004    2.0205000000000067e-003    9.0000000000000888e+000    2.0000000000001350e+004    -2.4066558293978975e+004 ; 
    5.0000000000000565e-004    2.4950000000000115e-003    1.0000000000000000e+001    1.9999999999887663e+004    -4.7831674488152610e+004 ; 
    5.5000000000000686e-004    2.9950000000000128e-003    1.0000000000000000e+001    0.0000000000000000e+000    -5.1518161520940273e+004 ; 
    6.0000000000000808e-004    3.4950000000000142e-003    1.0000000000000000e+001    0.0000000000000000e+000    -4.3418462213969491e+004 ; 
    6.5000000000000929e-004    3.9950000000000116e-003    1.0000000000000000e+001    0.0000000000000000e+000    1.9272520357825026e+003 ; 
    7.0000000000001051e-004    4.4949999999999912e-003    1.0000000000000000e+001    0.0000000000000000e+000    4.6704746459966904e+004 ; 
    7.5000000000001172e-004    4.9949999999999708e-003    1.0000000000000000e+001    0.0000000000000000e+000    5.0630590061443327e+004 ; 
    8.0000000000001294e-004    5.4949999999999504e-003    1.0000000000000322e+001    3.2152058793144533e-007    4.2530903235202000e+004 ; 
    8.5000000000001416e-004    6.0256249999999676e-003    1.1250000000000353e+001    2.5000000000000357e+004    -3.0134937841436265e+004 ; 
    9.0000000000001537e-004    6.6187499999999858e-003    1.2500000000000384e+001    2.5000000000002132e+004    -1.0710098592482446e+005 ; 
    9.5000000000001659e-004    7.2743750000000048e-003    1.3750000000000416e+001    2.5000000000002132e+004    -1.4097169247526367e+005 ; 
    1.0000000000000152e-003    7.9925000000000256e-003    1.5000000000000382e+001    2.5000000000000357e+004    -1.5451310450055523e+005 ; 
    1.0500000000000110e-003    8.7731250000000430e-003    1.6250000000000277e+001    2.4999999999998581e+004    -8.1697150008923229e+004 ; 
    1.1000000000000068e-003    9.6162500000000536e-003    1.7500000000000171e+001    2.4999999999998581e+004    -7.6586637058189172e+003 ; 
    1.1500000000000026e-003    1.0521875000000061e-002    1.8750000000000068e+001    2.4999999999998581e+004    2.5188315604606069e+004 ; 
    1.1999999999999984e-003    1.1490000000000063e-002    1.9999999999999961e+001    2.4999999999995027e+004    3.5987137982212298e+004 ; 
    1.2499999999999942e-003    1.2527797823421059e-002    1.9965895506375567e+001    3.8445959703841581e+004    4.7156385087151311e+003 ; 
    1.2999999999999900e-003    1.3460623526534073e-002    1.8375656083431011e+001    -3.9790503277093754e+004    -4.8805552255695129e+003 ; 
    1.3499999999999858e-003    1.4350251091318794e-002    1.8113201458586975e+001    -3.7005959024954442e+004    -4.5390133781098566e+003 ; 
    1.3999999999999816e-003    1.5269498336530778e-002    1.9449463812955948e+001    4.3499062214425994e+003    5.3354332796339588e+002 ; 
    1.4499999999999773e-003    1.6304951224779301e-002    1.9509377870172781e+001    -2.1338087239527574e+005    -2.6172504643962573e+004 ; 
    1.4999999999999731e-003    1.7221961474634912e-002    1.7370467714277794e+001    -5.1018944499358367e+003    -6.2577940883378324e+002 ; 
    1.5499999999999689e-003    1.8105049388477044e-002    1.7603704664575268e+001    1.2755900586061447e+005    1.5645913505694793e+004 ; 
    1.5999999999999647e-003    1.9027929698542476e-002    1.9661005631610820e+001    1.3477360105618488e+005    1.6530828934808753e+004 ; 
    1.6499999999999605e-003    2.0059321604356587e-002    2.0767101083677360e+001    -3.7970548406994181e+004    -4.6573263262085320e+003 ; 
    1.6999999999999563e-003    2.0980623972493700e-002    1.8111442500156194e+001    7.2047021453203721e+004    8.8370198434402591e+003 ; 
    1.7499999999999521e-003    2.1876058605648518e-002    1.7825740059983264e+001    -4.5370587185593424e+004    -5.5649875758992494e+003 ; 
    1.7999999999999479e-003    2.2804287812531632e-002    1.9079589492850491e+001    -7.3888342286355983e+004    -9.0628694124092617e+003 ; 
    1.8499999999999437e-003    2.3825151076446536e-002    1.9888009029260793e+001    -8.7561688501442783e+004    -1.0739991233572040e+004 ; 
    1.8999999999999395e-003    2.4745630203798042e-002    1.6815496654857981e+001    4.2256148016567240e+004    5.1829820441959246e+003 ; 
    1.9499999999999353e-003    2.5637958047995096e-002    1.7726923809443495e+001    -1.4239351794766257e+004    -1.7465459616510022e+003 ; 
    1.9999999999999411e-003    2.6562198979039869e-002    2.0062008874854669e+001    8.9963331192338286e+004    1.1034567798823693e+004 ; 
    2.0499999999999477e-003    2.7581247267057227e-002    2.1216443855625197e+001    1.9188582064312919e+004    2.3536001495905684e+003 ; 
    2.0999999999999543e-003    2.8513705704851441e-002    1.7391733710942194e+001    -4.4705935545641347e+004    -5.4834638763380317e+003 ; 
    2.1499999999999610e-003    2.9403801151026893e-002    1.8083120785152719e+001    -7.5109966663728745e+004    -9.2127093176034723e+003 ; 
    2.1999999999999676e-003    3.0327206050973124e-002    1.9367184549303389e+001    6.6935920989829989e+004    8.2101112592181162e+003 ; 
    2.2499999999999742e-003    3.1345565834094008e-002    1.9803177263529289e+001    -4.1974181318798976e+004    -5.1483970571540112e+003 ; 
    2.2999999999999809e-003    3.2280690387439998e-002    1.6423445325746084e+001    -4.8019406768151457e+004    -5.8898819398940523e+003 ; 
    2.3499999999999875e-003    3.3160285269383777e-002    1.8517424501677677e+001    4.9296759086700666e+004    6.0465572272050704e+003 ; 
    2.3999999999999942e-003    3.4090088172691810e-002    1.9863985366275077e+001    8.7800377042637614e+004    1.0769267882799109e+004 ; 
    2.4500000000000008e-003    3.5112982409251814e-002    2.0416137203656099e+001    -1.0672575493826708e+005    -1.3090584387422583e+004 ; 
    2.5000000000000074e-003    3.6048992591130459e-002    1.7317023194933153e+001    -7.2967192189792404e+004    -8.9498845655977057e+003 ; 
    2.5500000000000141e-003    3.6919328604285005e-002    1.8934338722427437e+001    4.3923310848471345e+004    5.3874700400994316e+003 ; 
    2.6000000000000207e-003    3.7857143034886409e-002    1.9078401533425456e+001    2.5843811351154571e+004    3.1699058355746101e+003 ; 
    2.6500000000000273e-003    3.8875803064657891e-002    1.9843167617501418e+001    -6.9792007686362413e+004    -8.5604282369745997e+003 ; 
    2.7000000000000340e-003    3.9808387711931327e-002    1.7149122655237726e+001    7.0326333326071872e+003    8.6259666337844976e+002 ; 
    2.7500000000000406e-003    4.0676801908623897e-002    1.8468916491219236e+001    6.4689659750560560e+004    7.9345932052501539e+003 ; 
