%%%
%%%  JOB TITLE : FINAL TEST: LINEAR TEST 1 -- COMPRESSIVE PULSE LOAD, 10 ELEMENTS, dt = 1e-6
%%%  JOB ID    : {5db4f34e-040b-4eca-80a4-ae56e6179d34}
%%%  SUBMITED ON : 18 Febuary 2014, 07:14:04
%%%
%%% ------
%%%
%%%  THIS IS STEP  0 : Transient analysis with no hourglass control

cpu_01 = [
    1.9999999999999999e-006    0.0000000000000000e+000    0.0000000000000000e+000 ; 
    3.9999999999999998e-006    0.0000000000000000e+000    0.0000000000000000e+000 ; 
    5.9999999999999993e-006    0.0000000000000000e+000    0.0000000000000000e+000 ; 
    7.9999999999999996e-006    0.0000000000000000e+000    0.0000000000000000e+000 ; 
    1.0000000000000001e-005    0.0000000000000000e+000    0.0000000000000000e+000 ; 
    1.2000000000000002e-005    0.0000000000000000e+000    -1.0000000000000000e+003 ; 
    1.4000000000000003e-005    -2.4234897821360221e-008    -1.0000000000000000e+003 ; 
    1.6000000000000003e-005    -7.8260454611942824e-008    -1.0000000000000000e+003 ; 
    1.8000000000000004e-005    -1.5656968304740930e-007    -1.0000000000000000e+003 ; 
    2.0000000000000005e-005    -2.5192179404631866e-007    -1.0000000000000000e+003 ; 
    2.2000000000000006e-005    -3.5680387403972922e-007    -1.0000000000000000e+003 ; 
    2.4000000000000007e-005    -4.6478842462501716e-007    -1.0000000000000000e+003 ; 
    2.6000000000000009e-005    -5.7144295701872008e-007    -1.0000000000000000e+003 ; 
    2.8000000000000010e-005    -6.7459262292886754e-007    -1.0000000000000000e+003 ; 
    3.0000000000000011e-005    -7.7393498496284837e-007    -1.0000000000000000e+003 ; 
    3.2000000000000005e-005    -8.7019646526706307e-007    -1.0000000000000000e+003 ; 
    3.4000000000000000e-005    -9.6414524966119152e-007    -1.0000000000000000e+003 ; 
    3.5999999999999994e-005    -1.0557991460930493e-006    -1.0000000000000000e+003 ; 
    3.7999999999999989e-005    -1.1440848390438307e-006    -1.0000000000000000e+003 ; 
    3.9999999999999983e-005    -1.2270456761513046e-006    -1.0000000000000000e+003 ; 
    4.1999999999999977e-005    -1.3025103957457352e-006    -1.0000000000000000e+003 ; 
    4.3999999999999972e-005    -1.3689835669508593e-006    -1.0000000000000000e+003 ; 
    4.5999999999999966e-005    -1.4264467645633544e-006    -1.0000000000000000e+003 ; 
    4.7999999999999961e-005    -1.4767883340252628e-006    -1.0000000000000000e+003 ; 
    4.9999999999999955e-005    -1.5236976976817168e-006    -1.0000000000000000e+003 ; 
    5.1999999999999949e-005    -1.5720284510592295e-006    -1.0000000000000000e+003 ; 
    5.3999999999999944e-005    -1.6267991154823777e-006    -1.0000000000000000e+003 ; 
    5.5999999999999938e-005    -1.6921099644035758e-006    -1.0000000000000000e+003 ; 
    5.7999999999999933e-005    -1.7702760709286421e-006    -1.0000000000000000e+003 ; 
    5.9999999999999927e-005    -1.8614063718147873e-006    -1.0000000000000000e+003 ; 
    6.1999999999999921e-005    -1.9635209217938510e-006    -1.0000000000000000e+003 ; 
    6.3999999999999916e-005    -2.0731388270723481e-006    -1.0000000000000000e+003 ; 
    6.5999999999999910e-005    -2.1861382307593219e-006    -1.0000000000000000e+003 ; 
    6.7999999999999905e-005    -2.2986269217594350e-006    -1.0000000000000000e+003 ; 
    6.9999999999999899e-005    -2.4075841228921136e-006    -1.0000000000000000e+003 ; 
    7.1999999999999893e-005    -2.5111294175788859e-006    -1.0000000000000000e+003 ; 
    7.3999999999999888e-005    -2.6084089589426621e-006    -1.0000000000000000e+003 ; 
    7.5999999999999882e-005    -2.6992161656998877e-006    0.0000000000000000e+000 ; 
    7.7999999999999877e-005    -2.7753893883278269e-006    0.0000000000000000e+000 ; 
    7.9999999999999871e-005    -2.8134458404704780e-006    0.0000000000000000e+000 ; 
    8.1999999999999865e-005    -2.8172465991218225e-006    0.0000000000000000e+000 ; 
    8.3999999999999860e-005    -2.7930883418052598e-006    0.0000000000000000e+000 ; 
    8.5999999999999854e-005    -2.7487571478191799e-006    0.0000000000000000e+000 ; 
    8.7999999999999849e-005    -2.6924997593492382e-006    0.0000000000000000e+000 ; 
    8.9999999999999843e-005    -2.6320974180741835e-006    0.0000000000000000e+000 ; 
    9.1999999999999837e-005    -2.5741827376684507e-006    0.0000000000000000e+000 ; 
    9.3999999999999832e-005    -2.5238695311746449e-006    0.0000000000000000e+000 ; 
    9.5999999999999826e-005    -2.4846879021975836e-006    0.0000000000000000e+000 ; 
    9.7999999999999821e-005    -2.4587513279741538e-006    0.0000000000000000e+000 ; 
    9.9999999999999815e-005    -2.4470435667339641e-006    0.0000000000000000e+000 ; 
    1.0199999999999981e-004    -2.4497079050437147e-006    0.0000000000000000e+000 ; 
    1.0399999999999980e-004    -2.4662474865838423e-006    0.0000000000000000e+000 ; 
    1.0599999999999980e-004    -2.4955934112583554e-006    0.0000000000000000e+000 ; 
    1.0799999999999979e-004    -2.5360523789805469e-006    0.0000000000000000e+000 ; 
    1.0999999999999979e-004    -2.5851925405190790e-006    0.0000000000000000e+000 ; 
    1.1199999999999978e-004    -2.6397527446561560e-006    0.0000000000000000e+000 ; 
    1.1399999999999978e-004    -2.6956603988190516e-006    0.0000000000000000e+000 ; 
    1.1599999999999977e-004    -2.7482177225248588e-006    0.0000000000000000e+000 ; 
    1.1799999999999976e-004    -2.7924727477198042e-006    0.0000000000000000e+000 ; 
    1.1999999999999976e-004    -2.8237416556685163e-006    0.0000000000000000e+000 ; 
    1.2199999999999975e-004    -2.8382056156277657e-006    0.0000000000000000e+000 ; 
    1.2399999999999976e-004    -2.8334787581627014e-006    0.0000000000000000e+000 ; 
    1.2599999999999976e-004    -2.8090403012894088e-006    0.0000000000000000e+000 ; 
    1.2799999999999975e-004    -2.7664435301933980e-006    0.0000000000000000e+000 ; 
    1.2999999999999974e-004    -2.7092523613061562e-006    0.0000000000000000e+000 ; 
    1.3199999999999974e-004    -2.6427038628326380e-006    0.0000000000000000e+000 ; 
    1.3399999999999973e-004    -2.5731421146396048e-006    0.0000000000000000e+000 ; 
    1.3599999999999973e-004    -2.5073058269257662e-006    0.0000000000000000e+000 ; 
    1.3799999999999972e-004    -2.4515727034531344e-006    0.0000000000000000e+000 ; 
    1.3999999999999972e-004    -2.4112650796799046e-006    0.0000000000000000e+000 ; 
    1.4199999999999971e-004    -2.3901053759544167e-006    0.0000000000000000e+000 ; 
    1.4399999999999971e-004    -2.3898811072407593e-006    0.0000000000000000e+000 ; 
    1.4599999999999970e-004    -2.4103441580397215e-006    0.0000000000000000e+000 ; 
    1.4799999999999969e-004    -2.4493346007666065e-006    0.0000000000000000e+000 ; 
    1.4999999999999969e-004    -2.5030912066059490e-006    0.0000000000000000e+000 ; 
    1.5199999999999968e-004    -2.5666925941747547e-006    0.0000000000000000e+000 ; 
    1.5399999999999968e-004    -2.6345658846750841e-006    0.0000000000000000e+000 ; 
    1.5599999999999967e-004    -2.7010027704284777e-006    0.0000000000000000e+000 ; 
    1.5799999999999967e-004    -2.7606334486428701e-006    0.0000000000000000e+000 ; 
    1.5999999999999966e-004    -2.8088235359260463e-006    0.0000000000000000e+000 ; 
    1.6199999999999966e-004    -2.8419744979571991e-006    0.0000000000000000e+000 ; 
    1.6399999999999965e-004    -2.8577215953662069e-006    0.0000000000000000e+000 ; 
    1.6599999999999964e-004    -2.8550331799081849e-006    0.0000000000000000e+000 ; 
    1.6799999999999964e-004    -2.8342208147984630e-006    0.0000000000000000e+000 ; 
    1.6999999999999963e-004    -2.7968715669255887e-006    0.0000000000000000e+000 ; 
    1.7199999999999963e-004    -2.7457130526305353e-006    0.0000000000000000e+000 ; 
    1.7399999999999962e-004    -2.6844198794091401e-006    0.0000000000000000e+000 ; 
    1.7599999999999962e-004    -2.6173684652216490e-006    0.0000000000000000e+000 ; 
    1.7799999999999961e-004    -2.5493469738807172e-006    0.0000000000000000e+000 ; 
