abaqus_u_midnodes = [
                  0.                     0.                   ;
                  2.E-06                 0.                   ;
                  4.E-06                 0.                   ;
                  6.E-06                 1.0992631E-24        ;
                  8.E-06               112.53833E-24          ;
                 10.E-06                 2.4124551E-21        ;
                 12.E-06                25.606039E-21         ;
                 14.E-06               177.18347E-21          ;
                 16.E-06               913.60278E-21          ;
                 18.000002E-06           3.7919197E-18        ;
                 20.E-06                13.307723E-18         ;
                 22.E-06                40.837746E-18         ;
                 24.E-06               112.24158E-18          ;
                 26.E-06               281.26205E-18          ;
                 28.E-06               651.38593E-18          ;
                 30.E-06                 1.4091355E-15        ;
                 32.E-06                 2.871685E-15         ;
                 34.E-06                 5.5510707E-15        ;
                 36.000004E-06          10.235989E-15         ;
                 38.E-06                18.090181E-15         ;
                 40.E-06                30.763876E-15         ;
                 42.E-06                50.511723E-15         ;
                 44.E-06                80.307739E-15         ;
                 46.E-06               123.94507E-15          ;
                 48.E-06               186.10674E-15          ;
                 49.999996E-06         272.39304E-15          ;
                 52.E-06               389.29251E-15          ;
                 54.E-06               544.0871E-15           ;
                 56.E-06               744.68561E-15          ;
                 58.000004E-06         999.3891E-15           ;
                 60.E-06                 1.3165947E-12        ;
                 62.E-06                 1.7044576E-12        ;
                 64.E-06                 2.170532E-12         ;
                 66.E-06                 2.7214215E-12        ;
                 68.E-06                 3.3624704E-12        ;
                 70.E-06                 4.0975218E-12        ;
                 72.000008E-06           4.9287777E-12        ;
                 74.E-06                 5.85677E-12          ;
                 76.E-06                 6.880456E-12         ;
                 77.999992E-06           7.9974356E-12        ;
                 80.E-06                 9.2042685E-12        ;
                 82.E-06                10.496877E-12         ;
                 84.E-06                11.870975E-12         ;
                 86.E-06                13.322521E-12         ;
                 88.E-06                14.848093E-12         ;
                 90.E-06                16.445217E-12         ;
                 92.E-06                18.112555E-12         ;
                 94.000008E-06          19.849983E-12         ;
                 96.E-06                21.658522E-12         ;
                 98.E-06                23.54015E-12          ;
                 99.999992E-06          25.497517E-12         ;
                102.E-06                27.533587E-12         ;
                104.E-06                29.651276E-12         ;
                106.E-06                31.853086E-12         ;
                108.E-06                34.140842E-12         ;
                110.E-06                36.515499E-12         ;
                112.E-06                38.977028E-12         ;
                114.E-06                41.524494E-12         ;
                116.00001E-06           44.156231E-12         ;
                117.99999E-06           46.869991E-12         ;
                120.E-06                49.663322E-12         ;
                121.99999E-06           52.533806E-12         ;
                124.E-06                55.479328E-12         ;
                126.E-06                58.498302E-12         ;
                128.E-06                61.589722E-12         ;
                130.E-06                64.753227E-12         ;
                132.E-06                67.98893E-12          ;
                134.E-06                71.297241E-12         ;
                136.E-06                74.678604E-12         ;
                138.E-06                78.133179E-12         ;
                140.E-06                81.660545E-12         ;
                142.E-06                85.259483E-12         ;
                144.00002E-06           88.927734E-12         ;
                146.00002E-06           92.661949E-12         ;
                148.E-06                96.457703E-12         ;
                149.99998E-06          100.30958E-12          ;
                152.E-06               104.21139E-12          ;
                154.E-06               108.15634E-12          ;
                155.99998E-06          112.13739E-12          ;
                158.E-06               116.14748E-12          ;
                160.E-06               120.17972E-12          ;
                162.E-06               124.22771E-12          ;
                164.E-06               128.28551E-12          ;
                166.E-06               132.34778E-12          ;
                168.E-06               136.40987E-12          ;
                170.E-06               140.46762E-12          ;
                172.E-06               144.51756E-12          ;
                174.E-06               148.55669E-12          ;
                176.E-06               152.58257E-12          ;
                178.E-06               156.59332E-12          ;
                180.E-06               160.58771E-12          ;
                182.E-06               164.56516E-12          ;
                184.E-06               168.52586E-12          ;
                186.E-06               172.47079E-12          ;
                188.00002E-06          176.40181E-12          ;
                190.00002E-06          180.32159E-12          ;
                192.E-06               184.23349E-12          ;
                193.99998E-06          188.14137E-12          ;
                196.E-06               192.04942E-12          ;
                198.E-06               195.96179E-12          ;
                199.99998E-06          199.88222E-12          ;
                201.99998E-06          203.81383E-12          ;
                204.E-06               207.75879E-12          ;
                206.E-06               211.71808E-12          ;
                208.E-06               215.69154E-12          ;
                210.E-06               219.67772E-12          ;
                212.E-06               223.67415E-12          ;
                214.E-06               227.67754E-12          ;
                216.E-06               231.68419E-12          ;
                218.E-06               235.69038E-12          ;
                220.E-06               239.6927E-12           ;
                222.E-06               243.68848E-12          ;
                224.E-06               247.67619E-12          ;
                226.00002E-06          251.65546E-12          ;
                228.E-06               255.62737E-12          ;
                230.E-06               259.59412E-12          ;
                232.00002E-06          263.5593E-12           ;
                234.00002E-06          267.52713E-12          ;
                235.99998E-06          271.50253E-12          ;
                237.99998E-06          275.49057E-12          ;
                240.E-06               279.49619E-12          ;
                242.E-06               283.52405E-12          ;
                243.99998E-06          287.57813E-12          ;
                246.E-06               291.66183E-12          ;
