abaqus_sigma = [
                  0.                     0.                     ;
                  2.E-06                 0.                     ;
                  4.E-06                 0.                     ;
                  6.E-06                 4.3970528E-12          ;
                  8.E-06               449.44193E-12            ;
                 10.E-06                 9.6148949E-09          ;
                 12.E-06               101.7972E-09             ;
                 14.E-06               702.29004E-09            ;
                 16.E-06                 3.6085868E-06          ;
                 18.000002E-06          14.917841E-06           ;
                 20.E-06                52.118465E-06           ;
                 22.E-06               159.13168E-06            ;
                 24.E-06               434.9238E-06             ;
                 26.E-06                 1.0831343E-03          ;
                 28.E-06                 2.4914813E-03          ;
                 30.E-06                 5.3498816E-03          ;
                 32.E-06                10.814608E-03           ;
                 34.E-06                20.721861E-03           ;
                 36.000004E-06          37.847622E-03           ;
                 38.E-06                66.201744E-03           ;
                 40.E-06               111.33362E-03            ;
                 42.E-06               180.61578E-03            ;
                 44.E-06               283.46219E-03            ;
                 46.E-06               431.43149E-03            ;
                 48.E-06               638.16455E-03            ;
                 49.999996E-06         919.11169E-03            ;
                 52.E-06                 1.291018               ;
                 54.E-06                 1.7711587              ;
                 56.E-06                 2.3763397              ;
                 58.000004E-06           3.1217175              ;
                 60.E-06                 4.0195165              ;
                 62.E-06                 5.0777555              ;
                 64.E-06                 6.2991099              ;
                 66.E-06                 7.6800451              ;
                 68.E-06                 9.21035                ;
                 70.E-06                10.873165               ;
                 72.000008E-06          12.645574               ;
                 74.E-06                14.499749               ;
                 76.E-06                16.404621               ;
                 77.999992E-06          18.327927               ;
                 80.E-06                20.238503               ;
                 82.E-06                22.108568               ;
                 84.E-06                23.915834               ;
                 86.E-06                25.645155               ;
                 88.E-06                27.289593               ;
                 90.E-06                28.850718               ;
                 92.E-06                30.338123               ;
                 94.000008E-06          31.768164               ;
                 96.E-06                33.162052               ;
                 98.E-06                34.543499               ;
                 99.999992E-06          35.936134               ;
                102.E-06                37.361015               ;
                104.E-06                38.834465               ;
                106.E-06                40.36652                ;
                108.E-06                41.960136               ;
                110.E-06                43.61121                ;
                112.E-06                45.309494               ;
                114.E-06                47.040176               ;
                116.00001E-06           48.786026               ;
                117.99999E-06           50.529804               ;
                120.E-06                52.256622               ;
                121.99999E-06           53.956036               ;
                124.E-06                55.623562               ;
                126.E-06                57.26149                ;
                128.E-06                58.878883               ;
                130.E-06                60.490837               ;
                132.E-06                62.117023               ;
                134.E-06                63.779812               ;
                136.E-06                65.502182               ;
                138.E-06                67.305649               ;
                140.E-06                69.208534               ;
                142.E-06                71.224716               ;
                144.00002E-06           73.362991               ;
                146.00002E-06           75.627113               ;
                148.E-06                78.016411               ;
                149.99998E-06           80.526825               ;
                152.E-06                83.152252               ;
                154.E-06                85.885849               ;
                155.99998E-06           88.721161               ;
                158.E-06                91.652878               ;
                160.E-06                94.677048               ;
                162.E-06                97.79081                ;
                164.E-06               100.99165                ;
                166.E-06               104.2763                 ;
                168.E-06               107.63952                ;
                170.E-06               111.07298                ;
                172.E-06               114.56445                ;
                174.E-06               118.09751                ;
                176.E-06               121.65188                ;
                178.E-06               125.20438                ;
                180.E-06               128.7305                 ;
                182.E-06               132.20638                ;
                184.E-06               135.61099                ;
                186.E-06               138.92831                ;
                188.00002E-06          142.14899                ;
                190.00002E-06          145.27162                ;
                192.E-06               148.30316                ;
                193.99998E-06          151.25847                ;
                196.E-06               154.159                  ;
                198.E-06               157.03084                ;
                199.99998E-06          159.90218                ;
                201.99998E-06          162.80054                ;
                204.E-06               165.75008                ;
                206.E-06               168.76932                ;
                208.E-06               171.8694                 ;
                210.E-06               175.05325                ;
                212.E-06               178.31557                ;
                214.E-06               181.64372                ;
                216.E-06               185.0195                 ;
                218.E-06               188.4212                 ;
                220.E-06               191.82629                ;
                222.E-06               195.21387                ;
                224.E-06               198.56694                ;
                226.00002E-06          201.87419                ;
                228.E-06               205.13109                ;
                230.E-06               208.34021                ;
                232.00002E-06          211.5108                 ;
                234.00002E-06          214.65779                ;
                235.99998E-06          217.80014                ;
                237.99998E-06          220.95906                ;
