abaqus_u = [
                  0.                     0.                  ;
                  2.E-06                40.E-15              ;
                  4.E-06               159.99998E-15         ;
                  6.E-06               360.E-15              ;
                  8.E-06               639.99994E-15         ;
                 10.E-06               999.99994E-15         ;
                 12.E-06                 1.4400001E-12       ;
                 14.E-06                 1.96E-12            ;
                 16.E-06                 2.5599997E-12       ;
                 18.000002E-06           3.24E-12            ;
                 20.E-06                 3.9999998E-12       ;
                 22.E-06                 4.8399997E-12       ;
                 24.E-06                 5.7600002E-12       ;
                 26.E-06                 6.7599993E-12       ;
                 28.E-06                 7.8400002E-12       ;
                 30.E-06                 9.E-12              ;
                 32.E-06                10.239999E-12        ;
                 34.E-06                11.559999E-12        ;
                 36.000004E-06          12.959999E-12        ;
                 38.E-06                14.439997E-12        ;
                 40.E-06                15.999997E-12        ;
                 42.E-06                17.639996E-12        ;
                 44.E-06                19.359997E-12        ;
                 46.E-06                21.16E-12            ;
                 48.E-06                23.039999E-12        ;
                 49.999996E-06          24.999996E-12        ;
                 52.E-06                27.039997E-12        ;
                 54.E-06                29.159996E-12        ;
                 56.E-06                31.360001E-12        ;
                 58.000004E-06          33.639996E-12        ;
                 60.E-06                35.999996E-12        ;
                 62.E-06                38.439991E-12        ;
                 64.E-06                40.959991E-12        ;
                 66.E-06                43.559994E-12        ;
                 68.E-06                46.23999E-12         ;
                 70.E-06                48.999992E-12        ;
                 72.000008E-06          51.839993E-12        ;
                 74.E-06                54.759991E-12        ;
                 76.E-06                57.759983E-12        ;
                 77.999992E-06          60.839985E-12        ;
                 80.E-06                63.999989E-12        ;
                 82.E-06                67.23999E-12         ;
                 84.E-06                70.559982E-12        ;
                 86.E-06                73.959976E-12        ;
                 88.E-06                77.439987E-12        ;
                 90.E-06                80.999985E-12        ;
                 92.E-06                84.639999E-12        ;
                 94.000008E-06          88.359993E-12        ;
                 96.E-06                92.159988E-12        ;
                 98.E-06                96.039978E-12        ;
                 99.999992E-06          99.999977E-12        ;
                102.E-06               104.03999E-12         ;
                104.E-06               108.15998E-12         ;
                106.E-06               112.35999E-12         ;
                108.E-06               116.63997E-12         ;
                110.E-06               120.99997E-12         ;
                112.E-06               125.43997E-12         ;
                114.E-06               129.95998E-12         ;
                116.00001E-06          134.55997E-12         ;
                117.99999E-06          139.23994E-12         ;
                120.E-06               143.99998E-12         ;
                121.99999E-06          148.83997E-12         ;
                124.E-06               153.75996E-12         ;
                126.E-06               158.75995E-12         ;
                128.E-06               163.83997E-12         ;
                130.E-06               168.99997E-12         ;
                132.E-06               174.23999E-12         ;
                134.E-06               179.55998E-12         ;
                136.E-06               184.95999E-12         ;
                138.E-06               190.44E-12            ;
                140.E-06               196.E-12              ;
                142.E-06               201.64E-12            ;
                144.00002E-06          207.36E-12            ;
                146.00002E-06          213.16E-12            ;
                148.E-06               219.03999E-12         ;
                149.99998E-06          224.99998E-12         ;
                152.E-06               231.03998E-12         ;
                154.E-06               237.15999E-12         ;
                155.99998E-06          243.36E-12            ;
                158.E-06               249.64E-12            ;
                160.E-06               256.E-12              ;
                162.E-06               262.43997E-12         ;
                164.E-06               268.95999E-12         ;
                166.E-06               275.55997E-12         ;
                168.E-06               282.23996E-12         ;
                170.E-06               288.99997E-12         ;
                172.E-06               295.83997E-12         ;
                174.E-06               302.75998E-12         ;
                176.E-06               309.75998E-12         ;
                178.E-06               316.84E-12            ;
                180.E-06               324.E-12              ;
                182.E-06               331.23999E-12         ;
                184.E-06               338.56E-12            ;
                186.E-06               345.96002E-12         ;
                188.00002E-06          353.43997E-12         ;
                190.00002E-06          361.E-12              ;
                192.E-06               368.64001E-12         ;
                193.99998E-06          376.35992E-12         ;
                196.E-06               384.15997E-12         ;
                198.E-06               392.03998E-12         ;
                199.99998E-06          399.99994E-12         ;
                201.99998E-06          408.03995E-12         ;
                204.E-06               416.15994E-12         ;
                206.E-06               424.35995E-12         ;
                208.E-06               432.63995E-12         ;
                210.E-06               441.E-12              ;
                212.E-06               449.43997E-12         ;
                214.E-06               457.95999E-12         ;
                216.E-06               466.55994E-12         ;
                218.E-06               475.23996E-12         ;
                220.E-06               483.99994E-12         ;
                222.E-06               492.83997E-12         ;
                224.E-06               501.76001E-12         ;
                226.00002E-06          510.76001E-12         ;
                228.E-06               519.84003E-12         ;
                230.E-06               529.E-12              ;
                232.00002E-06          538.23999E-12         ;
                234.00002E-06          547.56E-12            ;
                235.99998E-06          556.9599E-12          ;
                237.99998E-06          566.43994E-12         ;
                240.E-06               576.E-12              ;
                242.E-06               585.63995E-12         ;
                243.99998E-06          595.35992E-12         ;
                246.E-06               605.15991E-12         ;
                248.E-06               615.03986E-12         ;
                250.E-06               625.E-12              ;
