%%%
%%%  JOB TITLE : LINEAR DYNAMIC EXPLICIT SOLVER TEST SERIES -- TEST 3: PRESCRIBED VELOCITY
%%%  JOB ID    : {e5822ac4-aebd-42f0-a411-82f25fdca020}
%%%  SUBMITED ON : 30 May 2013, 06:19:10
%%%
%%% ------
%%%
%%%  THIS IS STEP  0 : <untitled>

results = [
    1.9999999999999999e-006    4.0000000000000000e-014    4.0000000000000001e-008    4.0000000000000001e-002    0.0000000000000000e+000    0.0000000000000000e+000    0.0000000000000000e+000    0.0000000000000000e+000    -9.9999978800005161e-005 ; 
    3.9999999999999998e-006    1.6000000000000003e-013    8.0000000000000002e-008    4.0000000000000015e-002    0.0000000000000000e+000    0.0000000000000000e+000    0.0000000000000000e+000    0.0000000000000000e+000    -3.9594425570315940e-004 ; 
    5.9999999999999993e-006    3.5999999999999998e-013    1.1999999999999999e-007    4.0000000000000008e-002    0.0000000000000000e+000    0.0000000000000000e+000    0.0000000000000000e+000    0.0000000000000000e+000    -8.7599397959642637e-004 ; 
    7.9999999999999996e-006    6.4000000000000000e-013    1.6000000000000000e-007    4.0000000000000029e-002    5.2316514217360396e-023    2.6158257108680197e-017    4.3522410649673686e-011    2.0908682653556242e-010    -1.5214783395525182e-003 ; 
    1.0000000000000001e-005    9.9999999999999998e-013    2.0000000000000002e-007    4.0000000000000029e-002    1.6062654163700011e-021    7.7697445107632041e-016    9.7633538295798945e-010    6.4064113516298742e-009    -2.3083731991708780e-003 ; 
    1.2000000000000002e-005    1.4399999999999999e-012    2.4000000000000008e-007    4.0000000000000029e-002    1.9770037331820963e-020    9.0818859577254810e-015    9.1839694395426180e-009    7.8652507697787457e-008    -3.2091596731845442e-003 ; 
    1.4000000000000003e-005    1.9600000000000001e-012    2.8000000000000007e-007    3.9999999999999931e-002    1.4799435690556455e-019    6.4112159786871790e-014    5.4188573368201082e-008    5.8701657877962845e-007    -4.1948799600607144e-003 ; 
    1.6000000000000003e-005    2.5600000000000004e-012    3.2000000000000011e-007    4.0000000000000029e-002    8.0023914021364916e-019    3.2612239165404231e-013    2.3631916167781388e-007    3.1630952699995505e-006    -5.2371927997247074e-003 ; 
    1.8000000000000004e-005    3.2400000000000007e-012    3.6000000000000005e-007    3.9999999999999827e-002    3.4264974970661638e-018    1.3131291784262572e-012    8.3078717528486079e-007    1.3489978469016791e-005    -6.3102375871063191e-003 ; 
    2.0000000000000005e-005    4.0000000000000007e-012    4.0000000000000009e-007    3.9999999999999827e-002    1.2288019247221025e-017    4.4307608750774311e-012    2.4811065456044090e-006    4.8159864284458452e-005    -7.3921432109406281e-003 ; 
    2.2000000000000006e-005    4.8400000000000004e-012    4.4000000000000013e-007    3.9999999999999827e-002    3.8303202454868107e-017    1.3007591603823540e-011    6.5149453235566009e-006    1.4936448198334747e-004    -8.4660615089006564e-003 ; 
    2.4000000000000007e-005    5.7600000000000013e-012    4.8000000000000017e-007    3.9999999999999980e-002    1.0651518529672008e-016    3.4105991420925981e-011    1.5405608518286645e-005    4.1303814629393802e-004    -9.5206603541852473e-003 ; 
    2.6000000000000009e-005    6.7600000000000019e-012    5.2000000000000021e-007    4.0000000000000029e-002    2.6932415230720767e-016    8.1404483505243800e-011    3.3380355882335031e-005    1.0379296274460161e-003    -1.0550071153091254e-002 ; 
    2.8000000000000010e-005    7.8400000000000038e-012    5.6000000000000014e-007    4.0000000000000029e-002    6.2815940800971680e-016    1.7941762785125456e-010    6.7143057674674028e-005    2.4044345785818513e-003    -1.1553342931792821e-002 ; 
    3.0000000000000011e-005    9.0000000000000045e-012    6.0000000000000018e-007    4.0000000000000237e-002    1.3665857953898866e-015    3.6921319369008492e-010    1.2663673437645045e-004    5.1922393618060829e-003    -1.2533503734987246e-002 ; 
    3.2000000000000005e-005    1.0240000000000005e-011    6.4000000000000023e-007    4.0000000000000237e-002    2.7977726815536391e-015    7.1559344308187626e-010    2.2572777780327849e-004    1.0544246207364634e-002    -1.3496364553897256e-002 ; 
    3.4000000000000000e-005    1.1560000000000005e-011    6.8000000000000005e-007    3.9999999999999827e-002    5.4286380761597756e-015    1.3154326973030685e-009    3.8265688335576261e-004    2.0280324339287826e-002    -1.4449218137205955e-002 ; 
    3.5999999999999994e-005    1.2960000000000005e-011    7.1999999999999988e-007    3.9999999999999626e-002    1.0041699433683402e-014    2.3065306787618136e-009    6.2008167372696558e-004    3.7157902352780825e-002    -1.5399583732195427e-002 ; 
    3.7999999999999989e-005    1.4440000000000004e-011    7.5999999999999982e-007    3.9999999999999827e-002    1.7793685405175058e-014    3.8759929857458273e-009    9.6454157241778902e-004    6.5167460566894597e-002    -1.6354130245471832e-002 ; 
    3.9999999999999983e-005    1.6000000000000003e-011    7.9999999999999965e-007    4.0000000000000029e-002    3.0327374037775931e-014    6.2668443163004360e-009    1.4452128211793795e-003    1.0984031356756062e-001    -1.7317877729160120e-002 ; 
    4.1999999999999977e-005    1.7640000000000003e-011    8.3999999999999958e-007    4.0000000000000438e-002    4.9890139011345066e-014    9.7813824867845650e-009    2.0918922323899525e-003    1.7853496586297810e-001    -1.8293735262445300e-002 ; 
    4.3999999999999972e-005    1.9360000000000005e-011    8.7999999999999952e-007    4.0000000000000639e-002    7.9449649538630022e-014    1.4779755263642484e-008    2.9322482202683614e-003    2.8065852333780755e-001    -1.9282387864192240e-002 ; 
    4.5999999999999966e-005    2.1160000000000001e-011    9.1999999999999934e-007    4.0000000000000840e-002    1.2279452285847298e-013    2.1672436659921470e-008    3.9884967350586947e-003    4.2777317303917600e-001    -2.0282501824091335e-002 ; 
    4.7999999999999961e-005    2.3039999999999999e-011    9.5999999999999928e-007    4.0000000000001042e-002    1.8460595894782323e-013    3.0905718044675120e-008    5.2737825062547363e-003    6.3353661282607376e-001    -2.1291181954071158e-002 ; 
    4.9999999999999955e-005    2.4999999999999998e-011    9.9999999999999911e-007    4.0000000000001042e-002    2.7048596079000193e-013    4.2940000921089348e-008    6.7886535365196034e-003    9.1343116407830105e-001    -2.2304589681144012e-002 ; 
    5.1999999999999949e-005    2.7039999999999998e-011    1.0399999999999991e-006    4.0000000000001444e-002    3.8692902508419682e-013    5.8221532147097449e-008    8.5180892495966953e-003    1.2842500530555152e+000    -2.3318619896500026e-002 ; 
    5.3999999999999944e-005    2.9159999999999993e-011    1.0799999999999990e-006    4.0000000000001444e-002    5.4122736611420958e-013    7.7149170515006374e-008    1.0429562535940186e-002    1.7633308861062613e+000    -2.4329537437503594e-002 ; 
    5.5999999999999938e-005    3.1359999999999989e-011    1.1199999999999988e-006    4.0000000000001444e-002    7.4130476169882843e-013    1.0003869779230942e-007    1.2472571091388520e-002    2.3675543354655320e+000    -2.5334489580710790e-002 ; 
    5.7999999999999933e-005    3.3639999999999987e-011    1.1599999999999988e-006    4.0000000000001847e-002    9.9548066797015154e-013    1.2708795313566151e-007    1.4579960024480393e-002    3.1121579158536159e+000    -2.6331836003073709e-002 ; 
    5.9999999999999927e-005    3.5999999999999986e-011    1.1999999999999987e-006    4.0000000000001042e-002    1.3121737575695607e-012    1.5834654479970461e-007    1.6671181728220071e-002    4.0094468172456788e+000    -2.7321268306320704e-002 ; 
    6.1999999999999921e-005    3.8439999999999986e-011    1.2399999999999985e-006    4.0000000000001042e-002    1.6995616918608855e-012    1.9369396714566235e-007    1.8657416702839678e-002    5.0675117184585670e+000    -2.8303722912926103e-002 ; 
