%%%
%%%  JOB TITLE : FINAL TEST: LINEAR TEST 2 -- COMPRESSIVE PULSE LOAD, 640 ELEMENTS, dt = 2.5e-7
%%%  JOB ID    : {2d0c6e65-7c95-48af-a387-4e0dbe00762d}
%%%  SUBMITED ON : 18 Febuary 2014, 07:14:35
%%%
%%% ------
%%%
%%%  THIS IS STEP  0 : Transient analysis with no hourglass control

cpu_02 = [
    1.9999999999999999e-006    0.0000000000000000e+000    0.0000000000000000e+000 ; 
    4.0000000000000007e-006    0.0000000000000000e+000    0.0000000000000000e+000 ; 
    6.0000000000000018e-006    0.0000000000000000e+000    0.0000000000000000e+000 ; 
    8.0000000000000013e-006    0.0000000000000000e+000    0.0000000000000000e+000 ; 
    9.9999999999999957e-006    0.0000000000000000e+000    0.0000000000000000e+000 ; 
    1.1999999999999990e-005    -3.9098232560952147e-008    -1.6000000000000000e+002 ; 
    1.3999999999999985e-005    -1.3888045165153478e-007    -1.6000000000000000e+002 ; 
    1.5999999999999979e-005    -2.1948568270141633e-007    -1.6000000000000000e+002 ; 
    1.7999999999999973e-005    -3.0596216128825725e-007    -1.6000000000000000e+002 ; 
    1.9999999999999968e-005    -4.0834986665870493e-007    -1.6000000000000000e+002 ; 
    2.1999999999999962e-005    -4.8586446831040903e-007    -1.6000000000000000e+002 ; 
    2.3999999999999957e-005    -5.6119732752054766e-007    -1.6000000000000000e+002 ; 
    2.5999999999999951e-005    -6.5765486241098824e-007    -1.6000000000000000e+002 ; 
    2.7999999999999945e-005    -7.3126878659785327e-007    -1.6000000000000000e+002 ; 
    2.9999999999999940e-005    -7.8233610988714707e-007    -1.6000000000000000e+002 ; 
    3.1999999999999938e-005    -8.5198248242497627e-007    -1.6000000000000000e+002 ; 
    3.3999999999999932e-005    -9.2445653439512762e-007    -1.6000000000000000e+002 ; 
    3.5999999999999926e-005    -9.9283092077502221e-007    -1.6000000000000000e+002 ; 
    3.7999999999999921e-005    -1.0912684500706963e-006    -1.6000000000000000e+002 ; 
    3.9999999999999915e-005    -1.1994521493714234e-006    -1.6000000000000000e+002 ; 
    4.1999999999999910e-005    -1.2841088185137599e-006    -1.6000000000000000e+002 ; 
    4.3999999999999904e-005    -1.3740097803722202e-006    -1.6000000000000000e+002 ; 
    4.5999999999999898e-005    -1.4739714245285595e-006    -1.6000000000000000e+002 ; 
    4.7999999999999893e-005    -1.5529018058264410e-006    -1.6000000000000000e+002 ; 
    4.9999999999999887e-005    -1.6279043240635333e-006    -1.6000000000000000e+002 ; 
    5.1999999999999882e-005    -1.7072169611643697e-006    -1.6000000000000000e+002 ; 
    5.3999999999999876e-005    -1.7562490841226093e-006    -1.6000000000000000e+002 ; 
    5.5999999999999870e-005    -1.7983872212489385e-006    -1.6000000000000000e+002 ; 
    5.7999999999999865e-005    -1.8797228711163550e-006    -1.6000000000000000e+002 ; 
    5.9999999999999859e-005    -1.9725996516563748e-006    -1.6000000000000000e+002 ; 
    6.1999999999999881e-005    -2.0588896375981398e-006    -1.6000000000000000e+002 ; 
    6.3999999999999929e-005    -2.1652070908440143e-006    -1.6000000000000000e+002 ; 
    6.5999999999999978e-005    -2.2672637754371011e-006    -1.6000000000000000e+002 ; 
    6.8000000000000027e-005    -2.3393041154086722e-006    -1.6000000000000000e+002 ; 
    7.0000000000000075e-005    -2.4241717606169590e-006    -1.6000000000000000e+002 ; 
    7.2000000000000124e-005    -2.5262299955038513e-006    -1.6000000000000000e+002 ; 
    7.4000000000000172e-005    -2.5995489804620692e-006    -1.6000000000000000e+002 ; 
    7.6000000000000221e-005    -2.6525514615916180e-006    0.0000000000000000e+000 ; 
    7.8000000000000270e-005    -2.6388354427979483e-006    0.0000000000000000e+000 ; 
    8.0000000000000318e-005    -2.6011718258390466e-006    0.0000000000000000e+000 ; 
    8.2000000000000367e-005    -2.5887399484198339e-006    0.0000000000000000e+000 ; 
    8.4000000000000415e-005    -2.5970189700872337e-006    0.0000000000000000e+000 ; 
    8.6000000000000464e-005    -2.6074213368268466e-006    0.0000000000000000e+000 ; 
    8.8000000000000513e-005    -2.6106682142921420e-006    0.0000000000000000e+000 ; 
    9.0000000000000561e-005    -2.6099173919621852e-006    0.0000000000000000e+000 ; 
    9.2000000000000610e-005    -2.6148197472273344e-006    0.0000000000000000e+000 ; 
    9.4000000000000659e-005    -2.6296661162154546e-006    0.0000000000000000e+000 ; 
    9.6000000000000707e-005    -2.6510871978968122e-006    0.0000000000000000e+000 ; 
    9.8000000000000756e-005    -2.6673170869763370e-006    0.0000000000000000e+000 ; 
    1.0000000000000080e-004    -2.6625205771497325e-006    0.0000000000000000e+000 ; 
    1.0200000000000085e-004    -2.6394209244351312e-006    0.0000000000000000e+000 ; 
    1.0400000000000090e-004    -2.6200427445966406e-006    0.0000000000000000e+000 ; 
    1.0600000000000095e-004    -2.6143075279017220e-006    0.0000000000000000e+000 ; 
    1.0800000000000100e-004    -2.6156538165374356e-006    0.0000000000000000e+000 ; 
    1.1000000000000105e-004    -2.6164745794936983e-006    0.0000000000000000e+000 ; 
    1.1200000000000110e-004    -2.6049921028559264e-006    0.0000000000000000e+000 ; 
    1.1400000000000114e-004    -2.5817326934431766e-006    0.0000000000000000e+000 ; 
    1.1600000000000119e-004    -2.5792150805014197e-006    0.0000000000000000e+000 ; 
    1.1800000000000124e-004    -2.6152519917595749e-006    0.0000000000000000e+000 ; 
    1.2000000000000129e-004    -2.6561320438536467e-006    0.0000000000000000e+000 ; 
    1.2200000000000134e-004    -2.6700640036696190e-006    0.0000000000000000e+000 ; 
    1.2400000000000139e-004    -2.6626875585386167e-006    0.0000000000000000e+000 ; 
    1.2600000000000144e-004    -2.6428976491931841e-006    0.0000000000000000e+000 ; 
    1.2800000000000148e-004    -2.6189906731660394e-006    0.0000000000000000e+000 ; 
    1.3000000000000153e-004    -2.6126547981611719e-006    0.0000000000000000e+000 ; 
    1.3200000000000158e-004    -2.6249725393809690e-006    0.0000000000000000e+000 ; 
    1.3400000000000163e-004    -2.6299517529999280e-006    0.0000000000000000e+000 ; 
    1.3600000000000168e-004    -2.6191282345317285e-006    0.0000000000000000e+000 ; 
    1.3800000000000173e-004    -2.6037017128461076e-006    0.0000000000000000e+000 ; 
    1.4000000000000178e-004    -2.5934007326082515e-006    0.0000000000000000e+000 ; 
    1.4200000000000183e-004    -2.6039432137317985e-006    0.0000000000000000e+000 ; 
    1.4400000000000187e-004    -2.6360297561031053e-006    0.0000000000000000e+000 ; 
    1.4600000000000192e-004    -2.6524682170849555e-006    0.0000000000000000e+000 ; 
    1.4800000000000197e-004    -2.6337605527621286e-006    0.0000000000000000e+000 ; 
    1.5000000000000202e-004    -2.6139042936821858e-006    0.0000000000000000e+000 ; 
    1.5200000000000207e-004    -2.6189389386231092e-006    0.0000000000000000e+000 ; 
    1.5400000000000212e-004    -2.6339536746646955e-006    0.0000000000000000e+000 ; 
    1.5600000000000217e-004    -2.6424956138609672e-006    0.0000000000000000e+000 ; 
    1.5800000000000221e-004    -2.6390862620895244e-006    0.0000000000000000e+000 ; 
    1.6000000000000226e-004    -2.6231119885854029e-006    0.0000000000000000e+000 ; 
    1.6200000000000231e-004    -2.6120010376914427e-006    0.0000000000000000e+000 ; 
    1.6400000000000236e-004    -2.6208181318155853e-006    0.0000000000000000e+000 ; 
    1.6600000000000241e-004    -2.6341124853542201e-006    0.0000000000000000e+000 ; 
    1.6800000000000246e-004    -2.6341083896519712e-006    0.0000000000000000e+000 ; 
    1.7000000000000251e-004    -2.6218567224536325e-006    0.0000000000000000e+000 ; 
    1.7200000000000255e-004    -2.6000794061488046e-006    0.0000000000000000e+000 ; 
    1.7400000000000260e-004    -2.5824198836157886e-006    0.0000000000000000e+000 ; 
    1.7600000000000265e-004    -2.5963235306331618e-006    0.0000000000000000e+000 ; 
    1.7800000000000270e-004    -2.6370053495347520e-006    0.0000000000000000e+000 ; 
