%%%
%%%  JOB TITLE : CILAMCE 2013 TEST: TEST 3 -- COMPRESSIVE PULSE LOAD, 5120 ELEMENTS, dt = 1.25e-7
%%%  JOB ID    : {9ce49c23-2dfb-45ab-82c7-6a89bd37fb60}
%%%  SUBMITED ON : 27 July 2013, 22:45:02
%%%
%%% ------
%%%
%%%  THIS IS STEP  0 : Transient analysis with no hourglass control

cilamce2013_03 = [
    2.0000000000000003e-006    0.0000000000000000e+000    0.0000000000000000e+000 ; 
    4.0000000000000007e-006    0.0000000000000000e+000    0.0000000000000000e+000 ; 
    5.9999999999999951e-006    0.0000000000000000e+000    0.0000000000000000e+000 ; 
    7.9999999999999895e-006    0.0000000000000000e+000    0.0000000000000000e+000 ; 
    9.9999999999999839e-006    0.0000000000000000e+000    0.0000000000000000e+000 ; 
    1.1999999999999978e-005    -7.4489890682163369e-008    -4.9382716049382715e+001 ; 
    1.3999999999999973e-005    -1.4798138690018718e-007    -4.9382716049382715e+001 ; 
    1.5999999999999969e-005    -2.3404839841711287e-007    -4.9382716049382715e+001 ; 
    1.7999999999999963e-005    -3.2253158532771270e-007    -4.9382716049382715e+001 ; 
    1.9999999999999958e-005    -4.0834039281907891e-007    -4.9382716049382715e+001 ; 
    2.1999999999999952e-005    -4.9989226087063071e-007    -4.9382716049382715e+001 ; 
    2.3999999999999946e-005    -5.7631881170013154e-007    -4.9382716049382715e+001 ; 
    2.5999999999999941e-005    -6.5253427830420112e-007    -4.9382716049382715e+001 ; 
    2.7999999999999935e-005    -7.2295929317466914e-007    -4.9382716049382715e+001 ; 
    2.9999999999999930e-005    -7.9202779448179416e-007    -4.9382716049382715e+001 ; 
    3.1999999999999965e-005    -8.6590195979238614e-007    -4.9382716049382715e+001 ; 
    3.4000000000000013e-005    -9.4087994035462319e-007    -4.9382716049382715e+001 ; 
    3.6000000000000062e-005    -1.0349154252563249e-006    -4.9382716049382715e+001 ; 
    3.8000000000000111e-005    -1.1316782121451893e-006    -4.9382716049382715e+001 ; 
    4.0000000000000159e-005    -1.2186194931948216e-006    -4.9382716049382715e+001 ; 
    4.2000000000000208e-005    -1.3172240139894497e-006    -4.9382716049382715e+001 ; 
    4.4000000000000256e-005    -1.3988803184555185e-006    -4.9382716049382715e+001 ; 
    4.6000000000000305e-005    -1.4672928091550138e-006    -4.9382716049382715e+001 ; 
    4.8000000000000354e-005    -1.5396072895543110e-006    -4.9382716049382715e+001 ; 
    5.0000000000000402e-005    -1.5950918502618002e-006    -4.9382716049382715e+001 ; 
    5.2000000000000451e-005    -1.6649689425393668e-006    -4.9382716049382715e+001 ; 
    5.4000000000000499e-005    -1.7497132740356771e-006    -4.9382716049382715e+001 ; 
    5.6000000000000548e-005    -1.8289575593110060e-006    -4.9382716049382715e+001 ; 
    5.8000000000000597e-005    -1.9259291846884350e-006    -4.9382716049382715e+001 ; 
    6.0000000000000645e-005    -2.0301979985252555e-006    -4.9382716049382715e+001 ; 
    6.2000000000000694e-005    -2.1200564866724863e-006    -4.9382716049382715e+001 ; 
    6.4000000000000742e-005    -2.2083023218179737e-006    -4.9382716049382715e+001 ; 
    6.6000000000000791e-005    -2.2854935423339030e-006    -4.9382716049382715e+001 ; 
    6.8000000000000840e-005    -2.3555062025909647e-006    -4.9382716049382715e+001 ; 
    7.0000000000000888e-005    -2.4172305499997344e-006    -4.9382716049382715e+001 ; 
    7.2000000000000937e-005    -2.4785346866122709e-006    -4.9382716049382715e+001 ; 
    7.4000000000000986e-005    -2.5497078404657288e-006    -4.9382716049382715e+001 ; 
    7.6000000000001034e-005    -2.6060318445631422e-006    0.0000000000000000e+000 ; 
    7.8000000000001083e-005    -2.6175737290424542e-006    0.0000000000000000e+000 ; 
    8.0000000000001131e-005    -2.6230456906933181e-006    0.0000000000000000e+000 ; 
    8.2000000000001180e-005    -2.6482706758025291e-006    0.0000000000000000e+000 ; 
    8.4000000000001229e-005    -2.6525289785347864e-006    0.0000000000000000e+000 ; 
    8.6000000000001277e-005    -2.6402380652440057e-006    0.0000000000000000e+000 ; 
    8.8000000000001326e-005    -2.6319874514337544e-006    0.0000000000000000e+000 ; 
    9.0000000000001374e-005    -2.6183590835694510e-006    0.0000000000000000e+000 ; 
    9.2000000000001423e-005    -2.6096786708542294e-006    0.0000000000000000e+000 ; 
    9.4000000000001472e-005    -2.6101928988761996e-006    0.0000000000000000e+000 ; 
    9.6000000000001520e-005    -2.6098576880686711e-006    0.0000000000000000e+000 ; 
    9.8000000000001569e-005    -2.6245920947005049e-006    0.0000000000000000e+000 ; 
    1.0000000000000162e-004    -2.6332828301338609e-006    0.0000000000000000e+000 ; 
    1.0200000000000167e-004    -2.6298957180458583e-006    0.0000000000000000e+000 ; 
    1.0400000000000171e-004    -2.6335753282994104e-006    0.0000000000000000e+000 ; 
    1.0600000000000176e-004    -2.6320233630475597e-006    0.0000000000000000e+000 ; 
    1.0800000000000181e-004    -2.6253646657948425e-006    0.0000000000000000e+000 ; 
    1.1000000000000186e-004    -2.6211845855943777e-006    0.0000000000000000e+000 ; 
    1.1200000000000191e-004    -2.6166561549552777e-006    0.0000000000000000e+000 ; 
    1.1400000000000196e-004    -2.6213607488233744e-006    0.0000000000000000e+000 ; 
    1.1600000000000201e-004    -2.6245819656053198e-006    0.0000000000000000e+000 ; 
    1.1800000000000206e-004    -2.6246549717915200e-006    0.0000000000000000e+000 ; 
    1.2000000000000210e-004    -2.6263133169478576e-006    0.0000000000000000e+000 ; 
    1.2200000000000215e-004    -2.6267609735244233e-006    0.0000000000000000e+000 ; 
    1.2400000000000198e-004    -2.6310126687935696e-006    0.0000000000000000e+000 ; 
    1.2600000000000182e-004    -2.6212235518823656e-006    0.0000000000000000e+000 ; 
    1.2800000000000165e-004    -2.6216117745739658e-006    0.0000000000000000e+000 ; 
    1.3000000000000148e-004    -2.6270357836706797e-006    0.0000000000000000e+000 ; 
    1.3200000000000131e-004    -2.6183763883079355e-006    0.0000000000000000e+000 ; 
    1.3400000000000114e-004    -2.6263544967398859e-006    0.0000000000000000e+000 ; 
    1.3600000000000097e-004    -2.6263028138483176e-006    0.0000000000000000e+000 ; 
    1.3800000000000081e-004    -2.6258313790691411e-006    0.0000000000000000e+000 ; 
    1.4000000000000064e-004    -2.6329184906768591e-006    0.0000000000000000e+000 ; 
    1.4200000000000047e-004    -2.6201836793497730e-006    0.0000000000000000e+000 ; 
    1.4400000000000030e-004    -2.6225002034203912e-006    0.0000000000000000e+000 ; 
    1.4600000000000013e-004    -2.6269497680760385e-006    0.0000000000000000e+000 ; 
    1.4799999999999997e-004    -2.6189999227889821e-006    0.0000000000000000e+000 ; 
    1.4999999999999980e-004    -2.6229029722744904e-006    0.0000000000000000e+000 ; 
    1.5199999999999963e-004    -2.6226032434067123e-006    0.0000000000000000e+000 ; 
    1.5399999999999946e-004    -2.6278022538849407e-006    0.0000000000000000e+000 ; 
    1.5599999999999929e-004    -2.6296553286083261e-006    0.0000000000000000e+000 ; 
    1.5799999999999912e-004    -2.6243278490649591e-006    0.0000000000000000e+000 ; 
    1.5999999999999896e-004    -2.6290854253168965e-006    0.0000000000000000e+000 ; 
    1.6199999999999879e-004    -2.6234783129809125e-006    0.0000000000000000e+000 ; 
    1.6399999999999862e-004    -2.6247671805624276e-006    0.0000000000000000e+000 ; 
    1.6599999999999845e-004    -2.6218288823050157e-006    0.0000000000000000e+000 ; 
    1.6799999999999828e-004    -2.6180110592523698e-006    0.0000000000000000e+000 ; 
    1.6999999999999811e-004    -2.6296782485391177e-006    0.0000000000000000e+000 ; 
    1.7199999999999795e-004    -2.6204287331740169e-006    0.0000000000000000e+000 ; 
    1.7399999999999778e-004    -2.6235048838528580e-006    0.0000000000000000e+000 ; 
    1.7599999999999761e-004    -2.6311050075332383e-006    0.0000000000000000e+000 ; 
    1.7799999999999744e-004    -2.6246976003298992e-006    0.0000000000000000e+000 ; 
