%%%
%%%  JOB TITLE : CILAMCE 2013 TEST: TEST 5 -- COMPRESSIVE PULSE LOAD, 80000 ELEMENTS, dt = 5e-8
%%%  JOB ID    : {baec3308-69e5-40a0-9842-6e5a655eeee6}
%%%  SUBMITED ON : 28 July 2013, 08:56:40
%%%
%%% ------
%%%
%%%  THIS IS STEP  0 : Transient analysis with no hourglass control

cilamce2013_05 = [
    1.9999999999999986e-006    0.0000000000000000e+000    0.0000000000000000e+000 ; 
    3.9999999999999981e-006    0.0000000000000000e+000    0.0000000000000000e+000 ; 
    6.0000000000000129e-006    0.0000000000000000e+000    0.0000000000000000e+000 ; 
    8.0000000000000217e-006    0.0000000000000000e+000    0.0000000000000000e+000 ; 
    1.0000000000000003e-005    0.0000000000000000e+000    -1.5365677049225104e-009 ; 
    1.1999999999999983e-005    -7.3692986561620655e-008    -9.0702947845804989e+000 ; 
    1.3999999999999964e-005    -1.5027969893060800e-007    -9.0702947845804989e+000 ; 
    1.5999999999999969e-005    -2.3492979240007686e-007    -9.0702947845804989e+000 ; 
    1.8000000000000017e-005    -3.2012562324785481e-007    -9.0702947845804989e+000 ; 
    2.0000000000000066e-005    -4.1028126750507641e-007    -9.0702947845804989e+000 ; 
    2.2000000000000115e-005    -4.9489429865848721e-007    -9.0702947845804989e+000 ; 
    2.4000000000000163e-005    -5.7737744398821808e-007    -9.0702947845804989e+000 ; 
    2.6000000000000212e-005    -6.5255948737962037e-007    -9.0702947845804989e+000 ; 
    2.8000000000000260e-005    -7.2542312481706153e-007    -9.0702947845804989e+000 ; 
    3.0000000000000309e-005    -7.9447869503894804e-007    -9.0702947845804989e+000 ; 
    3.2000000000000358e-005    -8.7101172248479101e-007    -9.0702947845804989e+000 ; 
    3.4000000000000406e-005    -9.5257406242976920e-007    -9.0702947845804989e+000 ; 
    3.6000000000000455e-005    -1.0406333285869437e-006    -9.0702947845804989e+000 ; 
    3.8000000000000504e-005    -1.1312962838762385e-006    -9.0702947845804989e+000 ; 
    4.0000000000000552e-005    -1.2248871394580506e-006    -9.0702947845804989e+000 ; 
    4.2000000000000601e-005    -1.3114018963278762e-006    -9.0702947845804989e+000 ; 
    4.4000000000000649e-005    -1.3901305974697079e-006    -9.0702947845804989e+000 ; 
    4.6000000000000698e-005    -1.4619625099102061e-006    -9.0702947845804989e+000 ; 
    4.8000000000000747e-005    -1.5293924494028552e-006    -9.0702947845804989e+000 ; 
    5.0000000000000795e-005    -1.5977639723827320e-006    -9.0702947845804989e+000 ; 
    5.2000000000000844e-005    -1.6741539277962853e-006    -9.0702947845804989e+000 ; 
    5.4000000000000892e-005    -1.7574974044566454e-006    -9.0702947845804989e+000 ; 
    5.6000000000000941e-005    -1.8469930108109283e-006    -9.0702947845804989e+000 ; 
    5.8000000000000990e-005    -1.9402841867345143e-006    -9.0702947845804989e+000 ; 
    6.0000000000001038e-005    -2.0323557648021155e-006    -9.0702947845804989e+000 ; 
    6.2000000000001087e-005    -2.1197950702906366e-006    -9.0702947845804989e+000 ; 
    6.4000000000001136e-005    -2.1989754586917826e-006    -9.0702947845804989e+000 ; 
    6.6000000000001184e-005    -2.2724570168003100e-006    -9.0702947845804989e+000 ; 
    6.8000000000001233e-005    -2.3405360855375997e-006    -9.0702947845804989e+000 ; 
    7.0000000000001281e-005    -2.4080038870040364e-006    -9.0702947845804989e+000 ; 
    7.2000000000001330e-005    -2.4808445690390455e-006    -9.0702947845804989e+000 ; 
    7.4000000000001379e-005    -2.5615259723585843e-006    -9.0702947845804989e+000 ; 
    7.6000000000001427e-005    -2.6133738119046848e-006    0.0000000000000000e+000 ; 
    7.8000000000001476e-005    -2.6347890957371983e-006    0.0000000000000000e+000 ; 
    8.0000000000001524e-005    -2.6469048459143116e-006    0.0000000000000000e+000 ; 
    8.2000000000001573e-005    -2.6524331372811930e-006    0.0000000000000000e+000 ; 
    8.4000000000001622e-005    -2.6436550036288895e-006    0.0000000000000000e+000 ; 
    8.6000000000001670e-005    -2.6283120330956214e-006    0.0000000000000000e+000 ; 
    8.8000000000001719e-005    -2.6119157073153566e-006    0.0000