%%%
%%%  JOB TITLE : CILAMCE 2013 TEST: TEST 4 -- COMPRESSIVE PULSE LOAD, 40960 ELEMENTS, dt = 6.25e-8
%%%  JOB ID    : {413038ac-16cd-4c9b-be79-ab44184bca0b}
%%%  SUBMITED ON : 28 July 2013, 02:02:58
%%%
%%% ------
%%%
%%%  THIS IS STEP  0 : Transient analysis with no hourglass control

cilamce2013_04 = [
    2.0000000000000003e-006    0.0000000000000000e+000    0.0000000000000000e+000 ; 
    3.9999999999999947e-006    0.0000000000000000e+000    0.0000000000000000e+000 ; 
    5.9999999999999891e-006    0.0000000000000000e+000    0.0000000000000000e+000 ; 
    7.9999999999999844e-006    0.0000000000000000e+000    0.0000000000000000e+000 ; 
    9.9999999999999788e-006    0.0000000000000000e+000    0.0000000000000000e+000 ; 
    1.1999999999999973e-005    -7.0321212990321500e-008    -1.3840830449826990e+001 ; 
    1.3999999999999968e-005    -1.5139625941488995e-007    -1.3840830449826990e+001 ; 
    1.5999999999999982e-005    -2.3522976601144172e-007    -1.3840830449826990e+001 ; 
    1.8000000000000031e-005    -3.2113861641166874e-007    -1.3840830449826990e+001 ; 
    2.0000000000000080e-005    -4.0930872585573800e-007    -1.3840830449826990e+001 ; 
    2.2000000000000128e-005    -4.9465328735459198e-007    -1.3840830449826990e+001 ; 
    2.4000000000000177e-005    -5.7785273876596415e-007    -1.3840830449826990e+001 ; 
    2.6000000000000225e-005    -6.5420781481341092e-007    -1.3840830449826990e+001 ; 
    2.8000000000000274e-005    -7.2374124866362402e-007    -1.3840830449826990e+001 ; 
    3.0000000000000323e-005    -7.9274936655375179e-007    -1.3840830449826990e+001 ; 
    3.2000000000000371e-005    -8.6936818008428017e-007    -1.3840830449826990e+001 ; 
    3.4000000000000420e-005    -9.5203489119261729e-007    -1.3840830449826990e+001 ; 
    3.6000000000000468e-005    -1.0407944471433698e-006    -1.3840830449826990e+001 ; 
    3.8000000000000517e-005    -1.1327800498175510e-006    -1.3840830449826990e+001 ; 
    4.0000000000000566e-005    -1.2229372285942321e-006    -1.3840830449826990e+001 ; 
    4.2000000000000614e-005    -1.3117142870700896e-006    -1.3840830449826990e+001 ; 
    4.4000000000000663e-005    -1.3912911934826896e-006    -1.3840830449826990e+001 ; 
    4.6000000000000712e-005    -1.4626658982781647e-006    -1.3840830449826990e+001 ; 
    4.8000000000000760e-005    -1.5287031787809165e-006    -1.3840830449826990e+001 ; 
    5.0000000000000809e-005    -1.5996690451703984e-006    -1.3840830449826990e+001 ; 
    5.2000000000000857e-005    -1.6715505630708953e-006    -1.3840830449826990e+001 ; 
    5.4000000000000906e-005    -1.7555987286367839e-006    -1.3840830449826990e+001 ; 
    5.6000000000000955e-005    -1.8452829837067344e-006    -1.3840830449826990e+001 ; 
    5.8000000000001003e-005    -1.9399935000371333e-006    -1.3840830449826990e+001 ; 
    6.0000000000001052e-005    -2.0310795428811159e-006    -1.3840830449826990e+001 ; 
    6.2000000000000992e-005    -2.1215710185351188e-006    -1.3840830449826990e+001 ; 
    6.4000000000000824e-005    -2.2002612070228448e-006    -1.3840830449826990e+001 ; 
    6.6000000000000656e-005    -2.2733108718534988e-006    -1.3840830449826990e+001 ; 
    6.8000000000000487e-005    -2.3412310213197874e-006    -1.3840830449826990e+001 ; 
    7.0000000000000319e-005    -2.4091910741085009e-006    -1.3840830449826990e+001 ; 
    7.2000000000000151e-005    -2.4784092231204023e-006    -1.3840830449826990e+001 ; 
    7.3999999999999983e-005    -2.5592556475622862e-006    -1.3840830449826990e+001 ; 
    7.5999999999999814e-005    -2.6119369155627023e-006    0.0000000000000000e+000 ; 
    7.7999999999999646e-005    -2.6318374330745195e-006    0.0000000000000000e+000 ; 
    7.9999999999999478e-005    -2.6472804392834578e-006    0.0000000000000000e+000 ; 
    8.1999999999999310e-005    -2.6524765695449937e-006    0.0000000000000000e+000 ; 
    8.3999999999999142e-005    -2.6443388811399829e-006    0.0000000000000000e+000 ; 
    8.5999999999998973e-005    -2.6282860637038715e-006    0.0000000000000000e+000 ; 
    8.7999999999998805e-005    -2.6156506405849723e-006    0.0000000000000000e+000 ; 
    8.9999999999998637e-005    -2.6045891045152572e-006    0.0000000000000000e+000 ; 
    9.1999999999998469e-005    -2.6000014007745414e-006    0.0000000000000000e+000 ; 
    9.3999999999998300e-005    -2.6071756109187055e-006    0.0000000000000000e+000 ; 
    9.5999999999998132e-005    -2.6240159349254726e-006    0.0000000000000000e+000 ; 
    9.7999999999997964e-005    -2.6371718580954252e-006    0.0000000000000000e+000 ; 
    9.9999999999997796e-005    -2.6453396255008311e-006    0.0000000000000000e+000 ; 
    1.0199999999999763e-004    -2.6458083617665545e-006    0.0000000000000000e+000 ; 
    1.0399999999999746e-004    -2.6378511483954119e-006    0.0000000000000000e+000 ; 
    1.0599999999999729e-004    -2.6244488731300250e-006    0.0000000000000000e+000 ; 
    1.0799999999999712e-004    -2.6134479870492388e-006    0.0000000000000000e+000 ; 
    1.0999999999999695e-004    -2.6047385372315493e-006    0.0000000000000000e+000 ; 
    1.1199999999999679e-004    -2.6048443340313255e-006    0.0000000000000000e+000 ; 
    1.1399999999999662e-004    -2.6135009608878427e-006    0.0000000000000000e+000 ; 
    1.1599999999999645e-004    -2.6264307039134336e-006    0.0000000000000000e+000 ; 
    1.1799999999999628e-004    -2.6357976332997031e-006    0.0000000000000000e+000 ; 
    1.1999999999999611e-004    -2.6414567081207290e-006    0.0000000000000000e+000 ; 
    1.2199999999999595e-004    -2.6401644056930060e-006    0.0000000000000000e+000 ; 
    1.2399999999999618e-004    -2.6361005830564142e-006    0.0000000000000000e+000 ; 
    1.2599999999999645e-004    -2.6269364668101287e-006    0.0000000000000000e+000 ; 
    1.2799999999999671e-004    -2.6172169995559755e-006    0.0000000000000000e+000 ; 
    1.2999999999999698e-004    -2.6084144789939933e-006    0.0000000000000000e+000 ; 
    1.3199999999999725e-004    -2.6081878047122955e-006    0.0000000000000000e+000 ; 
    1.3399999999999751e-004    -2.6125115300954408e-006    0.0000000000000000e+000 ; 
    1.3599999999999778e-004    -2.6218953717978844e-006    0.0000000000000000e+000 ; 
    1.3799999999999804e-004    -2.6307011680343434e-006    0.0000000000000000e+000 ; 
    1.3999999999999831e-004    -2.6388421151277220e-006    0.0000000000000000e+000 ; 
    1.4199999999999857e-004    -2.6409558745076260e-006    0.0000000000000000e+000 ; 
    1.4399999999999884e-004    -2.6382842002176371e-006    0.0000000000000000e+000 ; 
    1.4599999999999910e-004    -2.6295618321505066e-006    0.0000000000000000e+000 ; 
    1.4799999999999937e-004    -2.6185345335538797e-006    0.0000000000000000e+000 ; 
    1.4999999999999963e-004    -2.6119060759478189e-006    0.0000000000000000e+000 ; 
    1.5199999999999990e-004    -2.6106386848953877e-006    0.0000000000000000e+000 ; 
    1.5400000000000017e-004    -2.6128895140828634e-006    0.0000000000000000e+000 ; 
    1.5600000000000043e-004    -2.6173173534686037e-006    0.0000000000000000e+000 ; 
    1.5800000000000070e-004    -2.6261551196737087e-006    0.0000000000000000e+000 ; 
    1.6000000000000096e-004    -2.6341147164298158e-006    0.0000000000000000e+000 ; 
    1.6200000000000123e-004    -2.6406939477653698e-006    0.0000000000000000e+000 ; 
    1.6400000000000149e-004    -2.6394418875029755e-006    0.0000000000000000e+000 ; 
    1.6600000000000176e-004    -2.6326128569800566e-006    0.0000000000000000e+000 ; 
    1.6800000000000202e-004    -2.6228700707979728e-006    0.0000000000000000e+000 ; 
    1.7000000000000229e-004    -2.6173237065178735e-006    0.0000000000000000e+000 ; 
    1.7200000000000255e-004    -2.6122022448230554e-006    0.0000000000000000e+000 ; 
    1.7400000000000282e-004    -2.6111976674432885e-006    0.0000000000000000e+000 ; 
    1.7600000000000309e-004    -2.6134396518569883e-006    0.0000000000000000e+000 ; 
    1.7800000000000335e-004    -2.6218716680541732e-006    0.0000000000000000e+000 ; 
