%%%
%%%  JOB TITLE : NON-LINEAR DYNAMIC EXPLICIT SOLVER TEST SERIES -- TEST 4: HYPOELASTIC TENSILE LOAD TEST
%%%  JOB ID    : {3fde6307-4c39-440e-b867-f1ab869ba6b2}
%%%  SUBMITED ON : 14 September 2013, 05:39:59
%%%
%%% ------
%%%
%%%  THIS IS STEP  0 : Transient analysis with no hourglass control

hypo_test = [
    3.9999999999999981e-006    3.9999999999999979e+001    7.2854530630834786e-010    4.0308528225591285e+003    1.6705947431522472e+003    1.6705947680125676e+003    6.0823366015192132e-036    5.9777561382951103e-004    2.8926946166430020e+002 ; 
    7.9999999999999946e-006    7.9999999999999943e+001    5.9258454559977261e-009    3.0554955878870962e+004    1.1232924511632184e+004    1.1232924487148885e+004    -7.1435697193966448e-024    2.2060889333530894e-003    4.8022939283360978e+002 ; 
    1.1999999999999990e-005    1.1999999999999990e+002    1.8608409636088072e-008    8.5286205060857275e+004    2.4448448444850881e+004    2.4448448411178753e+004    -3.1385131213539628e-004    4.2667548702770780e-003    5.2745870676466211e+002 ; 
    1.5999999999999992e-005    1.5999999999999991e+002    3.9626808517136643e-008    1.5522479181476301e+005    2.7168324477889892e+004    2.7168324478804931e+004    1.6598270970532819e-002    6.3237086983498588e-003    4.9719855549706517e+002 ; 
    2.0000000000000022e-005    2.0000000000000020e+002    6.8602472355510699e-008    2.2562601905680969e+005    1.1745247330196284e+004    1.1745247320018183e+004    3.4072632049958879e-001    8.2383586669295909e-003    4.6458126913552314e+002 ; 
    2.4000000000000051e-005    2.4000000000000048e+002    1.0502622540216981e-007    2.9438855657305074e+005    -1.2497032917799759e+004    -1.2497032955632158e+004    3.9527190280527145e+000    1.0048252681618413e-002    4.4031428784373384e+002 ; 
    2.8000000000000081e-005    2.8000000000000080e+002    1.4845598897818761e-007    3.6856539388410974e+005    -2.7625645923448144e+004    -2.7625645883034533e+004    2.9814704449179761e+001    1.1714894579892323e-002    3.8845873332579822e+002 ; 
    3.2000000000000087e-005    3.2000000000000085e+002    1.9804939747261060e-007    4.4963132610156614e+005    -2.4947006995421736e+004    -2.4947006926905582e+004    1.6156873895072641e+002    1.3091869980209770e-002    3.0149958763798111e+002 ; 
    3.6000000000000048e-005    3.6000000000000051e+002    2.5249180971023909e-007    5.2686009457699035e+005    -1.2040396850802977e+004    -1.2040396835959262e+004    6.7210256263122312e+002    1.4136901678833105e-002    2.3409279366256487e+002 ; 
    4.0000000000000010e-005    4.0000000000000006e+002    3.1079838220433782e-007    5.8729514387388411e+005    -1.9057593676106585e+003    -1.9057593531339294e+003    2.2471587885357303e+003    1.5077145291999144e-002    2.5225893689528544e+002 ; 
    4.3999999999999972e-005    4.3999999999999966e+002    3.7326442504897789e-007    6.3036079194229888e+005    1.7999625200397775e+003    1.7999625361586582e+003    6.2446471628267982e+003    1.6289326744501894e-002    3.5893144619885339e+002 ; 
    4.7999999999999933e-005    4.7999999999999932e+002    4.4149851563509084e-007    6.6978954390379542e+005    5.9460099411385227e+003    5.9460099308498402e+003    1.4797892632286987e+004    1.7996855550199503e-002    4.8413586993189062e+002 ; 
    5.1999999999999895e-005    5.1999999999999886e+002    5.1739560728484084e-007    7.2082390798660216e+005    1.5570016313205195e+004    1.5570016304832681e+004    3.0530451224358243e+004    2.0099604734290458e-002    5.5020356297180092e+002 ; 
    5.5999999999999857e-005    5.5999999999999852e+002    6.0198620878719585e-007    7.8743733220455120e+005    2.4609491240214073e+004    2.4609491220678821e+004    5.5837438775148010e+004    2.2295024362518866e-002    5.3688791384698743e+002 ; 
    5.9999999999999819e-005    5.9999999999999818e+002    6.9510774314989640e-007    8.6281200770334643e+005    2.1865199869750628e+004    2.1865199882736299e+004    9.2056011249143441e+004    2.4328044162265305e-002    4.7892958841361053e+002 ; 
    6.3999999999999875e-005    6.3999999999999864e+002    7.9588426126782563e-007    9.3972975126299565e+005    4.9373574699844530e+003    4.9373574568190079e+003    1.3908015946797217e+005    2.6105280033458623e-002    4.1310917696780723e+002 ; 
    6.7999999999999972e-005    6.7999999999999977e+002    9.0326977438069932e-007    1.0168530237182284e+006    -1.5197085643908995e+004    -1.5197085623042472e+004    1.9573362638626838e+005    2.7618674128041261e-002    3.4624188476208053e+002 ; 
    7.2000000000000070e-005    7.2000000000000068e+002    1.0161902394524144e-006    1.0943731500235128e+006    -2.4844339289383210e+004    -2.4844339180787068e+004    2.6056442621490845e+005    2.8857469546773713e-002    2.7735233095226943e+002 ; 
    7.6000000000000167e-005    7.6000000000000171e+002    1.1335779645896111e-006    1.1673045349343466e+006    -2.0898765666555460e+004    -2.0898765641990281e+004    3.3225365879414300e+005    2.9856296883885053e-002    2.3184442217061795e+002 ; 
    8.0000000000000264e-005    8.0000000000000261e+002    1.2547637937573102e-006    1.2275196699456992e+006    -1.1481003553109864e+004    -1.1481003489013468e+004    4.0914769832648075e+005    3.0797704660743556e-002    2.5113210700798041e+002 ; 
    8.4000000000000361e-005    8.4000000000000352e+002    1.3800700178163751e-006    1.2732975679568157e+006    -4.4797255531592300e+003    -4.4797255497334290e+003    4.8840887520811247e+005    3.1977713212964901e-002    3.4398493448288241e+002 ; 
    8.8000000000000458e-005    8.8000000000000455e+002    1.5109150894577538e-006    1.3141299968073806e+006    1.0230599144673272e+003    1.0230599071931022e+003    5.6597272458798916e+005    3.3605356148752256e-002    4.6203751369317956e+002 ; 
    9.2000000000000556e-005    9.2000000000000546e+002    1.6490922164817069e-006    1.3634307054769075e+006    1.0189855761417713e+004    1.0189855667477257e+004    6.3797897806502529e+005    3.5633617090555236e-002    5.3693982674730307e+002 ; 
    9.6000000000000653e-005    9.6000000000000648e+002    1.7957614934323053e-006    1.4266911802843560e+006    2.1785523858078577e+004    2.1785523823001640e+004    7.0285425092425873e+005    3.7810949065510503e-002    5.4071006603205637e+002 ; 
    1.0000000000000075e-004    1.0000000000000075e+003    1.9510229539873433e-006    1.4985778536456996e+006    2.6322494060524750e+004    2.6322494048108965e+004    7.6222210779944039e+005    3.9896499932369052e-002    5.0052593540963016e+002 ; 
    1.0400000000000085e-004    1.0400000000000084e+003    2.1142876543035653e-006    1.5716527398078218e+006    1.6422137785422747e+004    1.6422137749370129e+004    8.1956979554666870e+005    4.1800330740679785e-002    4.5428816659731552e+002 ; 
    1.0800000000000094e-004    1.0800000000000093e+003    2.2848195257721227e-006    1.6452299237063900e+006    -3.2235984422080387e+003    -3.2235984016975972e+003    8.7766662783603871e+005    4.3519181485251607e-002    4.0549171545827289e+002 ; 
    1.1200000000000104e-004    1.1200000000000102e+003    2.4618073821722913e-006    1.7232009493429377e+006    -1.9132482618606966e+004    -1.9132482583649515e+004    9.3708557488777838e+005    4.5000985237091194e-002    3.3430656245807580e+002 ; 
    1.1600000000000114e-004    1.1600000000000111e+003    2.6441200131180970e-006    1.8041807523965654e+006    -2.2325214454371686e+004    -2.2325214416621744e+004    9.9722741321110248e+005    4.6154926249995093e-002    2.4778972664903131e+002 ; 
    1.2000000000000124e-004    1.2000000000000123e+003    2.8304473655994162e-006    1.8777396701422560e+006    -1.6089148797397462e+004    -1.6089148784803696e+004    1.0586990492190775e+006    4.7020128780729351e-002    1.9908549970782676e+002 ; 
