%%%
%%%  JOB TITLE : LINEAR DYNAMIC EXPLICIT SOLVER TEST SERIES -- TEST 9: BOUNDARY CONDITION INACTIVATION (LOCK)
%%%  JOB ID    : {1878af0e-d163-497d-a2ee-48acbbeb4191}
%%%  SUBMITED ON : 11 March 2014, 22:58:28
%%%
%%% ------
%%%
%%%  THIS IS STEP  0 : <untitled>

results = [
    4.9999999999999955e-005    9.5055826037301604e-010    3.8225647169368416e-005    9.9751973307270381e-001    -8.5764793744995549e-001 ; 
    9.9999999999999815e-005    3.9306813376963145e-009    8.0769573766577705e-005    1.0903301998707959e+000    -1.8462641505808952e+000 ; 
    1.4999999999999969e-004    8.9424157610530364e-009    1.2269075902749557e-004    9.8108757677763847e-001    -2.8596634446606726e+000 ; 
    1.9999999999999955e-004    1.5909755255583539e-008    1.5613003497440704e-004    2.1985062903517422e-001    -3.9530339390554929e+000 ; 
    2.4999999999999957e-004    2.2984337585823376e-008    1.1851205030922314e-004    -1.3146226198556812e+000    -5.1412467239307755e+000 ; 
    3.0000000000000079e-004    2.7905697846664254e-008    7.8332986072125234e-005    -1.3934974263675266e+000    -6.1509212145097818e+000 ; 
    3.5000000000000200e-004    3.0806465035755296e-008    3.6555497205228925e-005    -9.5564448936302737e-001    -7.0972158008122994e+000 ; 
    4.0000000000000322e-004    3.1862866378017406e-008    7.0011617000736762e-006    -1.4523341058737326e-002    -7.9817813790292087e+000 ; 
    4.5000000000000443e-004    3.2787647267418081e-008    4.1881093271436372e-005    1.5311419874984573e+000    -8.7921958152644706e+000 ; 
    5.0000000000000565e-004    3.5996627378268455e-008    8.1773169464867233e-005    1.1079907365383408e+000    -9.8440979747998476e+000 ; 
    5.5000000000000686e-004    4.1128231912460294e-008    1.2478979983582077e-004    8.2551065578147975e-001    -1.0878745931490856e+001 ; 
    6.0000000000000808e-004    4.8026792816567876e-008    1.5369811082870322e-004    -3.2804056583556410e-002    -1.1984023623643820e+001 ; 
    6.5000000000000929e-004    5.5066483385405897e-008    1.1906459724924301e-004    -1.5521615948522887e+000    -1.3170382371641249e+001 ; 
    7.0000000000001051e-004    5.9767537609641850e-008    7.5151180156590776e-005    -6.9738284996980315e-001    -1.4065538388116099e+001 ; 
    7.5000000000001172e-004    6.2671329930267402e-008    3.3516242975405321e-005    -7.7292626882052151e-001    -1.5074804263067788e+001 ; 
    8.0000000000001294e-004    6.3786288932470923e-008    9.0126165672584234e-006    -4.6778993668313999e-002    -1.5985737737480100e+001 ; 
    8.5000000000001416e-004    6.4763695021760212e-008    4.1584663084795100e-005    1.6506836018636641e+000    -1.6777533285198128e+001 ; 
    9.0000000000001537e-004    6.8085112512232891e-008    8.7808156645101225e-005    9.1160109135396916e-001    -1.7868186398672883e+001 ; 
    9.5000000000001659e-004    7.3177931108617069e-008    1.2586068243036489e-004    9.3089783345114274e-001    -1.8865819532015731e+001 ; 
    1.0000000000000152e-003    8.0080659456924890e-008    1.4661161574846529e-004    -4.0983358446084632e-002    -1.9985026866406908e+001 ; 
    1.0500000000000110e-003    8.7097563433567757e-008    1.1862707250018046e-004    -1.5793234040489230e+000    -2.1173713938193419e+001 ; 
    1.1000000000000068e-003    9.6898411151489163e-008    6.7400849889979303e-004    4.8871676566673408e+001    -1.5985581814615422e+001 ; 
    1.1500000000000026e-003    1.8262827924614528e-007    1.7152467918442845e-003    -2.9293822013111960e+001    -2.6573071319238696e+001 ; 
    1.1999999999999984e-003    2.7477074102537531e-007    1.9219102005251210e-003    -1.7607747918659761e+001    -2.6139700909447782e+001 ; 
    1.2499999999999942e-003    3.7185793523884992e-007    2.0328518593389585e-003    -8.6957468892693282e+000    -2.6046587990232339e+001 ; 
    1.2999999999999900e-003    4.7981301914764192e-007    2.7789108674401378e-003    3.7140177210140671e+001    -2.1424523918201196e+001 ; 
    1.3499999999999858e-003    6.6343216071992280e-007    4.3398511142436124e-003    -1.2834210541315258e+001    -2.8554196558592491e+001 ; 
    1.3999999999999816e-003    8.5745526421910559e-007    4.3204541926065423e-003    1.7477970097348745e+001    -2.5836217155713040e+001 ; 
    1.4499999999999773e-003    1.0640199626564070e-006    4.1988982829624828e-003    1.7619946840099661e+000    -2.8763880281618881e+001 ; 
    1.4999999999999731e-003    1.2867416340755676e-006    4.8183974244571503e-003    2.3535064050631874e+001    -2.7093276526397446e+001 ; 
    1.5499999999999689e-003    1.5831496015235750e-006    6.3812979568672263e-003    -3.6077591181510327e+000    -3.1422514322928901e+001 ; 
    1.5999999999999647e-003    1.8974526026425404e-006    6.1060235996560483e-003    3.5058015319276372e+001    -2.7679914156071579e+001 ; 
    1.6499999999999605e-003    2.2292265516940402e-006    6.5352394381211895e-003    1.7516428947188604e+001    -3.0831499936147729e+001 ; 
    1.6999999999999563e-003    2.5809272930476883e-006    7.8466273108656146e-003    3.8562028752768725e+001    -2.9250124893186122e+001 ; 
    1.7499999999999521e-003    3.0083308642030628e-006    9.7072393251501701e-003    -5.5061882304067478e-001    -3.5047536858112501e+001 ; 
    1.7999999999999479e-003    3.4636469266904749e-006    9.2068303271337412e-003    -1.3866467387709710e+001    -3.7680809346339522e+001 ; 
    1.8499999999999437e-003    3.9354165279264329e-006    9.6484846994433597e-003    -3.8669990581511286e+001    -4.1723117303417496e+001 ; 
    1.8999999999999395e-003    4.4291097411489695e-006    1.0534313822217669e-002    2.4332581855886744e+001    -3.4995455956880079e+001 ; 
    1.9499999999999353e-003    5.0017761067501913e-006    1.2005408179785234e-002    4.2583143944833999e+001    -3.3756909850727347e+001 ; 
    1.9999999999999411e-003    5.6112711219208812e-006    1.1710708899938025e-002    5.5517889351321259e+001    -3.3170382059273656e+001 ; 
    2.0499999999999477e-003    6.2364404482315732e-006    1.2926027603289592e-002    4.9754736261895502e+001    -3.4877268994844322e+001 ; 
    2.0999999999999543e-003    6.8938575823794748e-006    1.4092828028719386e-002    6.7205139616983359e+001    -3.3736867384694470e+001 ; 
    2.1499999999999610e-003    7.6367337467231157e-006    1.5772367087298931e-002    -9.7274036246531426e-001    -4.3099312717058659e+001 ; 
    2.1999999999999676e-003    8.4202984936861882e-006    1.5613940093565877e-002    -5.8863005988018436e+001    -5.1199917513154659e+001 ; 
    2.2499999999999742e-003    9.2139381866441866e-006    1.6539332890339778e-002    -4.3504986179009450e+001    -5.0316159891109109e+001 ; 
    2.2999999999999809e-003    1.0047864497904255e-005    1.7106594299517788e-002    2.9853969138651344e+001    -4.2318223116480944e+001 ; 
    2.3499999999999875e-003    1.0968014194669083e-005    1.8908172799607700e-002    4.7551362338584589e+001    -4.1147526650055255e+001 ; 
    2.3999999999999942e-003    1.1933008092728086e-005    1.9248976922707439e-002    6.0016048102337869e+001    -4.0618654627107418e+001 ; 
    2.4500000000000008e-003    1.2912694899255930e-005    2.0513200863954154e-002    9.2714027484331723e+001    -3.7608042018690952e+001 ; 
    2.5000000000000074e-003    1.3948684495417443e-005    2.1409690494606837e-002    6.8722287988650450e+001    -4.1550779604861724e+001 ; 
    2.5500000000000141e-003    1.5070660274647387e-005    2.3493497877287189e-002    -1.9559180813543588e+001    -5.3379056414608449e+001 ; 
    2.6000000000000207e-003    1.6239620208639489e-005    2.3443043905140688e-002    -6.0400504727799103e+001    -5.9388501393497407e+001 ; 
    2.6500000000000273e-003    1.7423549285955800e-005    2.4089474586182377e-002    -4.5265020698369725e+000    -5.3535203918298606e+001 ; 
    2.7000000000000340e-003    1.8669718809394097e-005    2.5055259281838004e-002    2.7677035212047642e+001    -5.0585237739976890e+001 ; 
