abaqus_sigma = [
                  0.                     0.                ;
                  1.E-06                 0.                ;
                  2.E-06                 0.                ;
                  3.E-06                 0.                ;
                  4.E-06                 0.                ;
                  5.E-06                 0.                ;
                  6.E-06                 0.                ;
                  7.E-06                 0.                ;
                  8.E-06                 0.                ;
                  9.000001E-06           0.                ;
                 10.E-06                 0.                ;
                 11.E-06                 0.                ;
                 12.E-06                 0.                ;
                 13.E-06                 0.                ;
                 14.E-06                 0.                ;
                 15.E-06                 0.                ;
                 16.E-06                 0.                ;
                 17.E-06                 0.                ;
                 18.000002E-06           0.                ;
                 19.E-06                 0.                ;
                 20.E-06               -15.812155E-15      ;
                 21.E-06              -558.98102E-15       ;
                 22.E-06               -10.012339E-12      ;
                 23.E-06              -121.09394E-12       ;
                 24.E-06                -1.1119478E-09     ;
                 24.999998E-06          -8.2646074E-09     ;
                 26.E-06               -51.764812E-09      ;
                 27.E-06              -280.88251E-09       ;
                 28.E-06                -1.347142E-06      ;
                 29.000002E-06          -5.798358E-06      ;
                 30.E-06               -22.665071E-06      ;
                 31.E-06               -81.225739E-06      ;
                 32.E-06              -268.95215E-06       ;
                 33.E-06              -828.09381E-06       ;
                 34.E-06                -2.3835897E-03     ;
                 35.E-06                -6.4430776E-03     ;
                 36.000004E-06         -16.418495E-03      ;
                 37.E-06               -39.570942E-03      ;
                 38.E-06               -90.45726E-03       ;
                 38.999996E-06        -196.59868E-03       ;
                 40.E-06              -407.08279E-03       ;
                 41.E-06              -804.47247E-03       ;
                 42.E-06                -1.5195239         ;
                 43.E-06                -2.7466543         ;
                 44.E-06                -4.7558832         ;
                 45.E-06                -7.894475          ;
                 46.E-06               -12.569588          ;
                 47.000004E-06         -19.203188          ;
                 48.E-06               -28.153744          ;
                 49.E-06               -39.606911          ;
                 49.999996E-06         -53.44928           ;
                 51.E-06               -69.15329           ;
                 52.E-06               -85.713181          ;
                 53.E-06              -101.67542           ;
                 54.E-06              -115.29662           ;
                 55.E-06              -124.83447           ;
                 56.E-06              -128.93542           ;
                 57.E-06              -127.03675           ;
                 58.000004E-06        -119.66579           ;
                 58.999996E-06        -108.51486           ;
                 60.E-06               -96.20771           ;
                 60.999996E-06         -85.754242          ;
                 62.E-06               -79.795891          ;
                 63.E-06               -79.841545          ;
                 64.E-06               -85.742264          ;
                 65.E-06               -95.620316          ;
                 66.E-06              -106.34663           ;
                 67.E-06              -114.47868           ;
                 68.E-06              -117.38683           ;
                 69.E-06              -114.18681           ;
                 70.E-06              -106.1169            ;
                 71.E-06               -96.165489          ;
                 72.000008E-06         -88.024994          ;
                 73.000008E-06         -84.721756          ;
                 74.E-06               -87.436768          ;
                 74.999992E-06         -95.001617          ;
                 76.E-06              -104.31688           ;
                 77.E-06              -111.57442           ;
                 77.999992E-06        -113.81607           ;
                 79.E-06              -110.18481           ;
                 80.E-06              -102.31703           ;
                 81.E-06               -93.667747          ;
                 82.E-06               -88.02301           ;
                 83.E-06               -87.830986          ;
                 84.E-06               -93.096359          ;
                 85.E-06              -101.35939           ;
                 86.E-06              -108.80224           ;
                 87.E-06              -112.00195           ;
                 88.E-06              -109.52679           ;
                 89.E-06              -102.6186            ;
                 90.E-06               -94.614594          ;
                 91.E-06               -89.358643          ;
                 92.E-06               -89.349617          ;
                 93.E-06               -94.524071          ;
                 94.000008E-06        -102.28233           ;
                 95.000008E-06        -108.76608           ;
                 96.E-06              -110.7719            ;
                 96.999992E-06        -107.35204           ;
                 98.E-06              -100.29185           ;
                 99.E-06               -93.20697           ;
                 99.999992E-06         -89.703461          ;
                100.99999E-06          -91.532944          ;
                102.E-06               -97.69297           ;
                103.E-06              -104.94819           ;
                104.E-06              -109.5145            ;
                105.E-06              -109.03604           ;
                106.E-06              -103.81889           ;
                107.E-06               -96.664818          ;
                108.E-06               -91.382988          ;
                109.E-06               -90.76268           ;
                110.E-06               -95.086693          ;
                111.E-06              -101.98602           ;
                112.E-06              -107.72139           ;
                113.00001E-06         -109.20634           ;
                114.E-06              -105.67809           ;
                115.E-06               -99.1054            ;
                116.00001E-06          -93.105789          ;
                117.00001E-06          -90.959564          ;
                117.99999E-06          -93.809196          ;
                118.99999E-06         -100.03708           ;
                120.E-06              -106.16901           ;
                121.E-06              -108.80634           ;
                121.99999E-06         -106.51479           ;
                123.E-06              -100.61661           ;
                124.E-06               -94.44133           ;
                125.E-06               -91.452568          ;
                126.E-06               -93.301849          ;
                127.00001E-06          -98.905739          ;
                128.E-06              -105.06841           ;
                129.E-06              -108.29858           ;
