abaqus_v = [
                  0.                     0.                    ;
                  1.E-06              -496.71295E-03           ;
                  2.E-06              -839.43701E-03           ;
                  3.E-06              -947.94415E-03           ;
                  4.E-06              -849.96936E-03           ;
                  5.E-06              -658.63959E-03           ;
                  6.E-06              -507.60751E-03           ;
                  7.E-06              -481.10184E-03           ;
                  8.E-06              -577.10126E-03           ;
                  9.000001E-06        -721.2016E-03            ;
                 10.E-06              -819.15271E-03           ;
                 11.E-06              -814.94501E-03           ;
                 12.E-06              -720.55573E-03           ;
                 13.E-06              -602.43213E-03           ;
                 14.E-06              -536.30585E-03           ;
                 15.E-06              -559.91296E-03           ;
                 16.E-06              -652.41052E-03           ;
                 17.E-06              -751.23865E-03           ;
                 18.000002E-06        -793.69562E-03           ;
                 19.E-06              -756.10571E-03           ;
                 20.E-06              -666.46704E-03           ;
                 21.E-06              -584.15009E-03           ;
                 22.E-06              -560.98834E-03           ;
                 23.E-06              -608.9856E-03            ;
                 24.E-06              -694.55682E-03           ;
                 24.999998E-06        -761.73724E-03           ;
                 26.E-06              -768.52411E-03           ;
                 27.E-06              -712.92255E-03           ;
                 28.E-06              -632.66876E-03           ;
                 29.000002E-06        -579.80377E-03           ;
                 30.E-06              -587.10193E-03           ;
                 31.E-06              -647.89813E-03           ;
                 32.E-06              -721.64539E-03           ;
                 33.E-06              -760.82684E-03           ;
                 34.E-06              -741.44934E-03           ;
                 35.E-06              -677.62628E-03           ;
                 36.000004E-06        -611.45264E-03           ;
                 37.E-06              -585.33728E-03           ;
                 38.E-06              -614.91382E-03           ;
                 38.999996E-06        -679.77692E-03           ;
                 40.E-06              -737.47357E-03           ;
                 41.E-06              -751.21442E-03           ;
                 42.E-06              -713.26538E-03           ;
                 43.E-06              -649.18713E-03           ;
                 44.E-06              -600.67987E-03           ;
                 45.E-06              -598.50409E-03           ;
                 46.E-06              -643.02576E-03           ;
                 47.000004E-06        -704.65741E-03           ;
                 48.E-06              -743.47394E-03           ;
                 49.E-06              -735.02936E-03           ;
                 49.999996E-06        -685.7113E-03            ;
                 51.E-06              -628.01422E-03           ;
                 52.E-06              -599.16772E-03           ;
                 53.E-06              -617.15155E-03           ;
                 54.E-06              -669.52478E-03           ;
                 55.E-06              -721.98724E-03           ;
                 56.E-06              -740.81134E-03           ;
                 57.E-06              -714.49487E-03           ;
                 58.000004E-06        -660.75305E-03           ;
                 58.999996E-06        -614.62299E-03           ;
                 60.E-06              -605.64862E-03           ;
                 60.999996E-06        -638.98395E-03           ;
                 62.E-06              -692.48663E-03           ;
                 63.E-06              -731.40222E-03           ;
                 64.E-06              -730.91693E-03           ;
                 65.E-06              -691.95892E-03           ;
                 66.E-06              -640.19879E-03           ;
                 67.E-06              -609.15417E-03           ;
                 68.E-06              -618.50482E-03           ;
                 69.E-06              -661.63531E-03           ;
                 70.E-06              -710.27924E-03           ;
                 71.E-06              -733.0271E-03            ;
                 72.000008E-06        -715.59088E-03           ;
                 73.000008E-06        -669.76123E-03           ;
                 74.E-06              -625.4538E-03            ;
                 74.999992E-06        -611.19629E-03           ;
                 76.E-06              -635.77515E-03           ;
                 77.E-06              -682.8399E-03            ;
                 77.999992E-06        -721.76563E-03           ;
                 79.E-06              -727.56726E-03           ;
                 80.E-06              -696.92438E-03           ;
                 81.E-06              -650.04645E-03           ;
                 82.E-06              -617.35583E-03           ;
                 83.E-06              -619.75635E-03           ;
                 84.E-06              -655.27747E-03           ;
                 85.E-06              -700.61963E-03           ;
                 86.E-06              -726.42719E-03           ;
                 87.E-06              -716.28345E-03           ;
                 88.E-06              -677.14423E-03           ;
                 89.E-06              -634.58386E-03           ;
                 90.E-06              -616.09442E-03           ;
                 91.E-06              -633.33539E-03           ;
                 92.E-06              -674.79169E-03           ;
                 93.E-06              -713.45392E-03           ;
                 94.000008E-06        -724.40735E-03           ;
                 95.000008E-06        -700.87921E-03           ;
                 96.E-06              -658.41449E-03           ;
                 96.999992E-06        -624.61316E-03           ;
                 98.E-06              -621.19928E-03           ;
                 99.E-06              -650.06592E-03           ;
                 99.999992E-06        -692.25641E-03           ;
                100.99999E-06         -720.40613E-03           ;
                102.E-06              -716.48444E-03           ;
                103.E-06              -683.33722E-03           ;
                104.E-06              -642.64587E-03           ;
                105.E-06              -620.75171E-03           ;
                106.E-06              -631.61017E-03           ;
                107.E-06              -667.90192E-03           ;
                108.E-06              -705.95764E-03           ;
                109.E-06              -721.18933E-03           ;
                110.E-06              -703.97119E-03           ;
                111.E-06              -665.71661E-03           ;
                112.E-06              -631.31805E-03           ;
                113.00001E-06         -622.95502E-03           ;
                114.E-06              -645.79803E-03           ;
                115.E-06              -684.82068E-03           ;
                116.00001E-06         -714.67932E-03           ;
                117.00001E-06         -716.16803E-03           ;
                117.99999E-06         -688.56757E-03           ;
                118.99999E-06         -649.95227E-03           ;
                120.E-06              -625.35803E-03           ;
                121.E-06              -630.55499E-03           ;
