abaqus_v_midnodes = [
                  0.                     0.                       ;
                  1.E-06                 0.                       ;
                  2.E-06                 0.                       ;
                  3.E-06                 0.                       ;
                  4.E-06                 0.                       ;
                  5.E-06                 0.                       ;
                  6.E-06                 0.                       ;
                  7.E-06                 0.                       ;
                  8.E-06                 0.                       ;
                  9.000001E-06           0.                       ;
                 10.E-06                 0.                       ;
                 11.E-06                 0.                       ;
                 12.E-06                 0.                       ;
                 13.E-06                 0.                       ;
                 14.E-06                 0.                       ;
                 15.E-06                 0.                       ;
                 16.E-06                 0.                       ;
                 17.E-06                 0.                       ;
                 18.000002E-06           0.                       ;
                 19.E-06                 0.                       ;
                 20.E-06               -21.367781E-18             ;
                 21.E-06              -794.65027E-18              ;
                 22.E-06               -14.948451E-15             ;
                 23.E-06              -189.58511E-15              ;
                 24.E-06                -1.8230094E-12            ;
                 24.999998E-06         -14.171243E-12             ;
                 26.E-06               -92.72831E-12              ;
                 27.E-06              -525.11359E-12              ;
                 28.E-06                -2.6260138E-09            ;
                 29.000002E-06         -11.775776E-09             ;
                 30.E-06               -47.921227E-09             ;
                 31.E-06              -178.67921E-09              ;
                 32.E-06              -615.21088E-09              ;
                 33.E-06                -1.9687526E-06            ;
                 34.E-06                -5.8875365E-06            ;
                 35.E-06               -16.529032E-06             ;
                 36.000004E-06         -43.735516E-06             ;
                 37.E-06              -109.43414E-06              ;
                 38.E-06              -259.69183E-06              ;
                 38.999996E-06        -585.91205E-06              ;
                 40.E-06                -1.2595253E-03            ;
                 41.E-06                -2.5845346E-03            ;
                 42.E-06                -5.0703988E-03            ;
                 43.E-06                -9.5227823E-03            ;
                 44.E-06               -17.140659E-03             ;
                 45.E-06               -29.595242E-03             ;
                 46.E-06               -49.051083E-03             ;
                 47.000004E-06         -78.077255E-03             ;
                 48.E-06              -119.39402E-03              ;
                 49.E-06              -175.41669E-03              ;
                 49.999996E-06        -247.60031E-03              ;
                 51.E-06              -335.6571E-03               ;
                 52.E-06              -436.80307E-03              ;
                 53.E-06              -545.26697E-03              ;
                 54.E-06              -652.33081E-03              ;
                 55.E-06              -747.12708E-03              ;
                 56.E-06              -818.27545E-03              ;
                 57.E-06              -856.20251E-03              ;
                 58.000004E-06        -855.7049E-03               ;
                 58.999996E-06        -818.07611E-03              ;
                 60.E-06              -752.03186E-03              ;
                 60.999996E-06        -672.82318E-03              ;
                 62.E-06              -599.35376E-03              ;
                 63.E-06              -549.73798E-03              ;
                 64.E-06              -536.37268E-03              ;
                 65.E-06              -562.00824E-03              ;
                 66.E-06              -618.27344E-03              ;
                 67.E-06              -687.52679E-03              ;
                 68.E-06              -747.88501E-03              ;
                 69.E-06              -780.10181E-03              ;
                 70.E-06              -774.09967E-03              ;
                 71.E-06              -732.77118E-03              ;
                 72.000008E-06        -671.39856E-03              ;
                 73.000008E-06        -612.51434E-03              ;
                 74.E-06              -577.78156E-03              ;
                 74.999992E-06        -579.80707E-03              ;
                 76.E-06              -617.09534E-03              ;
                 77.E-06              -674.35999E-03              ;
                 77.999992E-06        -728.37994E-03              ;
                 79.E-06              -757.29474E-03              ;
                 80.E-06              -749.63293E-03              ;
                 81.E-06              -709.24219E-03              ;
                 82.E-06              -653.82977E-03              ;
                 83.E-06              -607.48877E-03              ;
                 84.E-06              -590.26245E-03              ;
                 85.E-06              -609.27643E-03              ;
                 86.E-06              -655.47009E-03              ;
                 87.E-06              -707.58057E-03              ;
                 88.E-06              -741.76331E-03              ;
                 89.E-06              -742.55109E-03              ;
                 90.E-06              -710.07336E-03              ;
                 91.E-06              -660.04932E-03              ;
                 92.E-06              -616.39966E-03              ;
                 93.E-06              -599.85992E-03              ;
                 94.000008E-06        -618.00793E-03              ;
                 95.000008E-06        -661.5741E-03               ;
                 96.E-06              -708.94751E-03              ;
                 96.999992E-06        -736.78668E-03              ;
                 98.E-06              -731.56714E-03              ;
                 99.E-06              -696.31494E-03              ;
                 99.999992E-06        -649.08478E-03              ;
                100.99999E-06         -613.84827E-03              ;
                102.E-06              -608.33325E-03              ;
                103.E-06              -634.99158E-03              ;
                104.E-06              -679.76373E-03              ;
                105.E-06              -719.35107E-03              ;
                106.E-06              -733.30042E-03              ;
                107.E-06              -714.6441E-03               ;
                108.E-06              -673.51343E-03              ;
                109.E-06              -631.77637E-03              ;
                110.E-06              -611.46997E-03              ;
                111.E-06              -623.12311E-03              ;
                112.E-06              -660.18713E-03              ;
                113.00001E-06         -702.58417E-03              ;
                114.E-06              -727.51465E-03              ;
                115.E-06              -721.73761E-03              ;
                116.00001E-06         -688.69208E-03              ;
