abaqus_a_midnodes = [
                  0.                     0.                       ;
                  1.E-06                 0.                       ;
                  2.E-06                 0.                       ;
                  3.E-06                 0.                       ;
                  4.E-06                 0.                       ;
                  5.E-06                 0.                       ;
                  6.E-06                 0.                       ;
                  7.E-06                 0.                       ;
                  8.E-06                 0.                       ;
                  9.000001E-06           0.                       ;
                 10.E-06                 0.                       ;
                 11.E-06                 0.                       ;
                 12.E-06                 0.                       ;
                 13.E-06                 0.                       ;
                 14.E-06                 0.                       ;
                 15.E-06                 0.                       ;
                 16.E-06                 0.                       ;
                 17.E-06                 0.                       ;
                 18.000002E-06           0.                       ;
                 19.E-06                 0.                       ;
                 20.E-06               -42.735558E-12             ;
                 21.E-06                -1.5038294E-09            ;
                 22.E-06               -26.803776E-09             ;
                 23.E-06              -322.46957E-09              ;
                 24.E-06                -2.9443796E-06            ;
                 24.999998E-06         -21.752087E-06             ;
                 26.E-06              -135.36205E-06              ;
                 27.E-06              -729.40863E-06              ;
                 28.E-06                -3.4723914E-03            ;
                 29.000002E-06         -14.827131E-03             ;
                 30.E-06               -57.463768E-03             ;
                 31.E-06              -204.0522E-03               ;
                 32.E-06              -669.01123E-03              ;
                 33.E-06                -2.0380719                ;
                 34.E-06                -5.7994962                ;
                 35.E-06               -15.483495                 ;
                 36.000004E-06         -38.929474                 ;
                 37.E-06               -92.467789                 ;
                 38.E-06              -208.04765                  ;
                 38.999996E-06        -444.39267                  ;
                 40.E-06              -902.83398                  ;
                 41.E-06                -1.7471845E+03            ;
                 42.E-06                -3.2245445E+03            ;
                 43.E-06                -5.6802211E+03            ;
                 44.E-06                -9.5555315E+03            ;
                 45.E-06               -15.353634E+03             ;
                 46.E-06               -23.55805E+03              ;
                 47.000004E-06         -34.494293E+03             ;
                 48.E-06               -48.139248E+03             ;
                 49.E-06               -63.906109E+03             ;
                 49.999996E-06         -80.461151E+03             ;
                 51.E-06               -95.652466E+03             ;
                 52.E-06              -106.63943E+03              ;
                 53.E-06              -110.28839E+03              ;
                 54.E-06              -103.83924E+03              ;
                 55.E-06               -85.753242E+03             ;
                 56.E-06               -56.543549E+03             ;
                 57.E-06               -19.310699E+03             ;
                 58.000004E-06          20.305923E+03             ;
                 58.999996E-06          54.951542E+03             ;
                 60.E-06                77.136841E+03             ;
                 60.999996E-06          81.280502E+03             ;
                 62.E-06                65.658356E+03             ;
                 63.E-06                33.573341E+03             ;
                 64.E-06                -6.8424025E+03            ;
                 65.E-06               -44.42865E+03              ;
                 66.E-06               -68.101631E+03             ;
                 67.E-06               -70.405304E+03             ;
                 68.E-06               -50.311073E+03             ;
                 69.E-06               -14.122772E+03             ;
                 70.E-06                26.12709E+03              ;
                 71.E-06                56.529774E+03             ;
                 72.000008E-06          66.215431E+03             ;
                 73.000008E-06          51.55341E+03              ;
                 74.E-06                17.912283E+03             ;
                 74.999992E-06         -21.963131E+03             ;
                 76.E-06               -52.613461E+03             ;
                 77.E-06               -61.91581E+03              ;
                 77.999992E-06         -46.124176E+03             ;
                 79.E-06               -11.705688E+03             ;
                 80.E-06                27.029039E+03             ;
                 81.E-06                53.75248E+03              ;
                 82.E-06                57.072315E+03             ;
                 83.E-06                35.609657E+03             ;
                 84.E-06                -1.1569668E+03            ;
                 85.E-06               -36.870991E+03             ;
                 86.E-06               -55.5163E+03               ;
                 87.E-06               -48.704689E+03             ;
                 88.E-06               -19.660683E+03             ;
                 89.E-06                18.085161E+03             ;
                 90.E-06                46.87035E+03              ;
                 91.E-06                53.177841E+03             ;
                 92.E-06                34.121498E+03             ;
                 93.E-06                -1.0421444E+03            ;
                 94.000008E-06         -35.253803E+03             ;
                 95.000008E-06         -51.878597E+03             ;
                 96.E-06               -42.868187E+03             ;
                 96.999992E-06         -12.810269E+03             ;
                 98.E-06                23.249456E+03             ;
                 99.E-06                47.254936E+03             ;
                 99.999992E-06          47.205326E+03             ;
                100.99999E-06           23.267685E+03             ;
                102.E-06               -12.237694E+03             ;
                103.E-06               -41.079067E+03             ;
                104.E-06               -48.465145E+03             ;
                105.E-06               -30.709284E+03             ;
                106.E-06                 2.8106177E+03            ;
                107.E-06                34.502087E+03             ;
                108.E-06                47.759239E+03             ;
                109.E-06                35.714779E+03             ;
                110.E-06                 4.8979993E+03            ;
                111.E-06               -28.204376E+03             ;
                112.E-06               -45.923885E+03             ;
                113.00001E-06          -38.870262E+03             ;
                114.E-06               -10.990711E+03             ;
                115.E-06                22.544706E+03             ;
                116.00001E-06           43.546265E+03             ;
