abaqus_u_midnodes = [
                  0.                     0.                   ;
                  1.E-06                 0.                   ;
                  2.E-06                 0.                   ;
                  3.E-06                 0.                   ;
                  4.E-06                 0.                   ;
                  5.E-06                 0.                   ;
                  6.E-06                 0.                   ;
                  7.E-06                 0.                   ;
                  8.E-06                 0.                   ;
                  9.000001E-06           0.                   ;
                 10.E-06                 0.                   ;
                 11.E-06                 0.                   ;
                 12.E-06                 0.                   ;
                 13.E-06                 0.                   ;
                 14.E-06                 0.                   ;
                 15.E-06                 0.                   ;
                 16.E-06                 0.                   ;
                 17.E-06                 0.                   ;
                 18.000002E-06           0.                   ;
                 19.E-06                 0.                   ;
                 20.E-06                 0.                   ;
                 21.E-06               -42.735561E-24         ;
                 22.E-06                -1.5893005E-21        ;
                 23.E-06               -29.939646E-21         ;
                 24.E-06              -380.75952E-21          ;
                 24.999998E-06          -3.6759579E-18        ;
                 26.E-06               -28.723244E-18         ;
                 27.E-06              -189.13257E-18          ;
                 28.E-06                -1.0789504E-15        ;
                 29.000002E-06          -5.4411592E-15        ;
                 30.E-06               -24.630503E-15         ;
                 31.E-06              -101.28362E-15          ;
                 32.E-06              -381.98892E-15          ;
                 33.E-06                -1.3317053E-12        ;
                 34.E-06                -4.3194938E-12        ;
                 35.E-06               -13.106777E-12         ;
                 36.000004E-06         -37.37756E-12          ;
                 37.E-06              -100.5778E-12           ;
                 38.E-06              -256.24585E-12          ;
                 38.999996E-06        -619.96149E-12          ;
                 40.E-06                -1.4280698E-09        ;
                 41.E-06                -3.1390121E-09        ;
                 42.E-06                -6.5971389E-09        ;
                 43.E-06               -13.279812E-09         ;
                 44.E-06               -25.642704E-09         ;
                 45.E-06               -47.561127E-09         ;
                 46.E-06               -84.833191E-09         ;
                 47.000004E-06        -145.66328E-09          ;
                 48.E-06              -240.98767E-09          ;
                 49.E-06              -384.45129E-09          ;
                 49.999996E-06        -591.82104E-09          ;
                 51.E-06              -879.65198E-09          ;
                 52.E-06                -1.2631353E-06        ;
                 53.E-06                -1.7532582E-06        ;
                 54.E-06                -2.3536696E-06        ;
                 55.E-06                -3.05792E-06          ;
                 56.E-06                -3.8479238E-06        ;
                 57.E-06                -4.6944714E-06        ;
                 58.000004E-06          -5.5603285E-06        ;
                 58.999996E-06          -6.40588E-06          ;
                 60.E-06                -7.1964808E-06        ;
                 60.999996E-06          -7.9099441E-06        ;
                 62.E-06                -8.5421267E-06        ;
                 63.E-06                -9.1086512E-06        ;
                 64.E-06                -9.6416025E-06        ;
                 65.E-06               -10.181396E-06         ;
                 66.E-06               -10.765618E-06         ;
                 67.E-06               -11.417943E-06         ;
                 68.E-06               -12.140672E-06         ;
                 69.E-06               -12.913713E-06         ;
                 70.E-06               -13.700875E-06         ;
                 71.E-06               -14.461911E-06         ;
                 72.000008E-06         -15.166418E-06         ;
                 73.000008E-06         -15.804709E-06         ;
                 74.E-06               -16.391447E-06         ;
                 74.999992E-06         -16.960272E-06         ;
                 76.E-06               -17.55106E-06          ;
                 77.E-06               -18.194462E-06         ;
                 77.999992E-06         -18.899778E-06         ;
                 79.E-06               -19.651218E-06         ;
                 80.E-06               -20.414368E-06         ;
                 81.E-06               -21.150484E-06         ;
                 82.E-06               -21.832851E-06         ;
                 83.E-06               -22.458145E-06         ;
                 84.E-06               -23.047829E-06         ;
                 85.E-06               -23.63867E-06          ;
                 86.E-06               -24.26638E-06          ;
                 87.E-06               -24.94961E-06          ;
                 88.E-06               -25.681541E-06         ;
                 89.E-06               -26.433136E-06         ;
                 90.E-06               -27.166645E-06         ;
                 91.E-06               -27.853283E-06         ;
                 92.E-06               -28.486742E-06         ;
                 93.E-06               -29.086081E-06         ;
                 94.000008E-06         -29.686462E-06         ;
                 95.000008E-06         -30.322098E-06         ;
                 96.E-06               -31.009611E-06         ;
                 96.999992E-06         -31.739994E-06         ;
                 98.E-06               -32.483185E-06         ;
                 99.E-06               -33.203125E-06         ;
                 99.999992E-06         -33.875816E-06         ;
                100.99999E-06          -34.501297E-06         ;
                102.E-06               -35.103508E-06         ;
                103.E-06               -35.71796E-06          ;
                104.E-06               -36.373493E-06         ;
                105.E-06               -37.077488E-06         ;
                106.E-06               -37.812191E-06         ;
                107.E-06               -38.54409E-06          ;
                108.E-06               -39.241482E-06         ;
                109.E-06               -39.891113E-06         ;
                110.E-06               -40.505032E-06         ;
                111.E-06               -41.114056E-06         ;
                112.E-06               -41.751278E-06         ;
                113.00001E-06          -42.434429E-06         ;
                114.E-06               -43.156448E-06         ;
                115.E-06               -43.889454E-06         ;
                116.00001E-06          -44.599922E-06         ;
                117.00001E-06          -45.266842E-06         ;
                117.99999E-06          -45.893074E-06         ;
                118.99999E-06          -46.503635E-06         ;
                120.E-06               -47.131878E-06         ;
                121.E-06               -47.801136E-06         ;
                121.99999E-06          -48.511959E-06         ;
                123.E-06               -49.241947E-06         ;
