abaqus_fint = [
                  0.                     0.                   ;
                  1.E-06                 1.0135136            ;
                  2.E-06                 3.5609934            ;
                  3.E-06                 6.4297771            ;
                  4.E-06                 8.3358898            ;
                  5.E-06                 8.5886106            ;
                  6.E-06                 7.404006             ;
                  7.E-06                 5.7089381            ;
                  8.E-06                 4.5710769            ;
                  9.000001E-06           4.5966029            ;
                 10.E-06                 5.6382766            ;
                 11.E-06                 6.9590263            ;
                 12.E-06                 7.7237263            ;
                 13.E-06                 7.5078812            ;
                 14.E-06                 6.5212879            ;
                 15.E-06                 5.4327984            ;
                 16.E-06                 4.9281964            ;
                 17.E-06                 5.2864032            ;
                 18.000002E-06           6.2317801            ;
                 19.E-06                 7.1374855            ;
                 20.E-06                 7.4354076            ;
                 21.E-06                 6.9681735            ;
                 22.E-06                 6.0674405            ;
                 23.E-06                 5.3226237            ;
                 24.E-06                 5.1985402            ;
                 24.999998E-06           5.7479134            ;
                 26.E-06                 6.5951405            ;
                 27.E-06                 7.1906443            ;
                 28.E-06                 7.1652265            ;
                 29.000002E-06           6.5572758            ;
                 30.E-06                 5.7739539            ;
                 31.E-06                 5.3201342            ;
                 32.E-06                 5.4744616            ;
                 33.E-06                 6.1194673            ;
                 34.E-06                 6.8286362            ;
                 35.E-06                 7.1472707            ;
                 36.000004E-06           6.8829961            ;
                 37.E-06                 6.220921             ;
                 38.E-06                 5.5951214            ;
                 38.999996E-06           5.4049206            ;
                 40.E-06                 5.7608442            ;
                 41.E-06                 6.4213972            ;
                 42.E-06                 6.9561753            ;
                 43.E-06                 7.0256333            ;
                 44.E-06                 6.5960979            ;
                 45.E-06                 5.9542165            ;
                 46.E-06                 5.5162206            ;
                 47.000004E-06           5.558547             ;
                 48.E-06                 6.0438213            ;
                 49.E-06                 6.6514606            ;
                 49.999996E-06           6.9890189            ;
                 51.E-06                 6.8452272            ;
                 52.E-06                 6.3218479            ;
                 53.E-06                 5.7622747            ;
                 54.E-06                 5.5265956            ;
                 55.E-06                 5.760211             ;
                 56.E-06                 6.304481             ;
                 57.E-06                 6.8040867            ;
                 58.000004E-06           6.9386935            ;
                 58.999996E-06           6.6280642            ;
                 60.E-06                 6.0794687            ;
                 60.999996E-06           5.6496515            ;
                 62.E-06                 5.6130986            ;
                 63.E-06                 5.9869776            ;
                 64.E-06                 6.5242443            ;
                 65.E-06                 6.8766608            ;
                 66.E-06                 6.8202925            ;
                 67.E-06                 6.3976135            ;
                 68.E-06                 5.8861518            ;
                 69.E-06                 5.616456             ;
                 70.E-06                 5.7586541            ;
                 71.E-06                 6.215301             ;
                 72.000008E-06           6.6879115            ;
                 73.000008E-06           6.8718977            ;
                 74.E-06                 6.6527128            ;
                 74.999992E-06           6.1769929            ;
                 76.E-06                 5.7546191            ;
                 77.E-06                 5.6570086            ;
                 77.999992E-06           5.9428349            ;
                 79.E-06                 6.4230022            ;
                 80.E-06                 6.7856131            ;
                 81.E-06                 6.798439             ;
                 82.E-06                 6.4575329            ;
                 83.E-06                 5.9869542            ;
                 84.E-06                 5.6916199            ;
                 85.E-06                 5.7598424            ;
                 86.E-06                 6.1433582            ;
                 87.E-06                 6.5912147            ;
                 88.E-06                 6.8138809            ;
                 89.E-06                 6.6703253            ;
                 90.E-06                 6.2572451            ;
                 91.E-06                 5.8440561            ;
                 92.E-06                 5.6972675            ;
                 93.E-06                 5.9086676            ;
                 94.000008E-06           6.3380342            ;
                 95.000008E-06           6.7060547            ;
                 96.E-06                 6.7759428            ;
                 96.999992E-06           6.505713             ;
                 98.E-06                 6.0732336            ;
                 99.E-06                 5.7592244            ;
                 99.999992E-06           5.765121             ;
                100.99999E-06            6.0839171            ;
                102.E-06                 6.506773             ;
                103.E-06                 6.7597561            ;
                104.E-06                 6.6812315            ;
                105.E-06                 6.3250728            ;
                106.E-06                 5.9238238            ;
                107.E-06                 5.736928             ;
                108.E-06                 5.8830347            ;
                109.E-06                 6.2647338            ;
                110.E-06                 6.6334343            ;
                111.E-06                 6.7512035            ;
                112.E-06                 6.5442624            ;
                113.00001E-06            6.1491327            ;
                114.E-06                 5.8226237            ;
                115.E-06                 5.7749786            ;
                116.00001E-06            6.0345392            ;
                117.00001E-06            6.4310341            ;
                117.99999E-06            6.7072253            ;
                118.99999E-06            6.6857533            ;
                120.E-06                 6.3829894            ;
                121.E-06                 5.9968314            ;
                121.99999E-06            5.7773962            ;
                123.E-06                 5.8650599            ;
