%%%
%%%  JOB TITLE : LINEAR DYNAMIC EXPLICIT SOLVER TEST SERIES -- TEST 1: COOK SAMPLE EXERCISE
%%%  JOB ID    : {03edc03f-2b85-443e-ae12-7cb8f1723bb1}
%%%  SUBMITED ON : 5 Febuary 2014, 22:35:42
%%%
%%% ------
%%%
%%%  THIS IS STEP  0 : <untitled>

results = [
    9.9999999999999995e-007    0.0000000000000000e+000    0.0000000000000000e+000    0.0000000000000000e+000    -5.4054054054054057e-001    -5.4054054054054059e+005    0.0000000000000000e+000    0.0000000000000000e+000    0.0000000000000000e+000    0.0000000000000000e+000 ; 
    1.9999999999999999e-006    -5.4054054054054058e-007    0.0000000000000000e+000    2.0270270270270272e+000    -9.0577063550036518e-001    -3.6523009495982470e+005    0.0000000000000000e+000    0.0000000000000000e+000    0.0000000000000000e+000    0.0000000000000000e+000 ; 
    3.0000000000000001e-006    -1.4463111760409057e-006    0.0000000000000000e+000    5.0949598246895533e+000    -1.0056660020137012e+000    -9.9895366513335932e+004    0.0000000000000000e+000    0.0000000000000000e+000    0.0000000000000000e+000    0.0000000000000000e+000 ; 
    3.9999999999999998e-006    -2.4519771780546069e-006    0.0000000000000000e+000    7.7645943971729210e+000    -8.7467405415009714e-001    1.3099194786360399e+005    0.0000000000000000e+000    0.0000000000000000e+000    0.0000000000000000e+000    0.0000000000000000e+000 ; 
    4.9999999999999996e-006    -3.3266512322047041e-006    0.0000000000000000e+000    8.9071856686805457e+000    -6.4486340172367163e-001    2.2981065242642557e+005    0.0000000000000000e+000    0.0000000000000000e+000    0.0000000000000000e+000    0.0000000000000000e+000 ; 
    5.9999999999999993e-006    -3.9715146339283761e-006    0.0000000000000000e+000    8.2700367820082725e+000    -4.7015751787430748e-001    1.7470588384936412e+005    0.0000000000000000e+000    0.0000000000000000e+000    0.0000000000000000e+000    0.0000000000000000e+000 ; 
    6.9999999999999990e-006    -4.4416721518026836e-006    0.0000000000000000e+000    6.5379764249836674e+000    -4.4525144868653083e-001    2.4906069187776637e+004    0.0000000000000000e+000    0.0000000000000000e+000    0.0000000000000000e+000    0.0000000000000000e+000 ; 
    7.9999999999999996e-006    -4.8869236004892147e-006    0.0000000000000000e+000    4.8799002799762752e+000    -5.6374655960750164e-001    -1.1849511092097079e+005    0.0000000000000000e+000    0.0000000000000000e+000    0.0000000000000000e+000    0.0000000000000000e+000 ; 
    9.0000000000000002e-006    -5.4506701600967163e-006    0.0000000000000000e+000    4.2622524017578831e+000    -7.3565986540141448e-001    -1.7191330579391282e+005    0.0000000000000000e+000    0.0000000000000000e+000    0.0000000000000000e+000    0.0000000000000000e+000 ; 
    1.0000000000000001e-005    -6.1863300254981303e-006    0.0000000000000000e+000    4.9309513149373059e+000    -8.4973975167710691e-001    -1.1407988627569246e+005    0.0000000000000000e+000    0.0000000000000000e+000    0.0000000000000000e+000    0.0000000000000000e+000 ; 
    1.1000000000000001e-005    -7.0360697771752369e-006    0.0000000000000000e+000    6.3455995265130953e+000    -8.4147168451921761e-001    8.2680671578893271e+003    0.0000000000000000e+000    0.0000000000000000e+000    0.0000000000000000e+000    0.0000000000000000e+000 ; 
    1.2000000000000002e-005    -7.8775414616944551e-006    0.0000000000000000e+000    7.5724515107925603e+000    -7.2709749980202321e-001    1.1437418471719441e+005    0.0000000000000000e+000    0.0000000000000000e+000    0.0000000000000000e+000    0.0000000000000000e+000 ; 
    1.3000000000000003e-005    -8.6046389614964781e-006    0.0000000000000000e+000    7.8750013770605687e+000    -5.8655684016435239e-001    1.4054065963767079e+005    0.0000000000000000e+000    0.0000000000000000e+000    0.0000000000000000e+000    0.0000000000000000e+000 ; 
    1.4000000000000003e-005    -9.1911958016608302e-006    0.0000000000000000e+000    7.1407638043055277e+000    -5.0951780844063110e-001    7.7039031723721302e+004    0.0000000000000000e+000    0.0000000000000000e+000    0.0000000000000000e+000    0.0000000000000000e+000 ; 
    1.5000000000000004e-005    -9.7007136101014612e-006    0.0000000000000000e+000    5.9018144894596469e+000    -5.3963114989276972e-001    -3.0113341452138626e+004    0.0000000000000000e+000    0.0000000000000000e+000    0.0000000000000000e+000    0.0000000000000000e+000 ; 
    1.6000000000000003e-005    -1.0240344759994231e-005    0.0000000000000000e+000    4.9637835211314973e+000    -6.5087149401112665e-001    -1.1124034411835700e+005    0.0000000000000000e+000    0.0000000000000000e+000    0.0000000000000000e+000    0.0000000000000000e+000 ; 
    1.7000000000000003e-005    -1.0891216254005359e-005    0.0000000000000000e+000    4.8926101135587938e+000    -7.6826737608171747e-001    -1.1739588207059079e+005    0.0000000000000000e+000    0.0000000000000000e+000    0.0000000000000000e+000    0.0000000000000000e+000 ; 
    1.8000000000000004e-005    -1.1659483630087075e-005    0.0000000000000000e+000    5.6801963420924624e+000    -8.1754769244128833e-001    -4.9280316359570861e+004    0.0000000000000000e+000    0.0000000000000000e+000    0.0000000000000000e+000    0.0000000000000000e+000 ; 
    1.9000000000000004e-005    -1.2477031322528363e-005    0.0000000000000000e+000    6.7833634202739077e+000    -7.7141896420138278e-001    4.6128728239905467e+004    0.0000000000000000e+000    0.0000000000000000e+000    0.0000000000000000e+000    0.0000000000000000e+000 ; 
    2.0000000000000005e-005    -1.3248450286729747e-005    0.0000000000000000e+000    7.4916079657464927e+000    -6.6403665365033493e-001    1.0738231055104797e+005    0.0000000000000000e+000    0.0000000000000000e+000    0.0000000000000000e+000    0.0000000000000000e+000 ; 
    2.1000000000000006e-005    -1.3912486940380082e-005    -3.1624270928425845e-014    7.3792071380409112e+000    -5.6637549576571566e-001    9.7661157884619271e+004    0.0000000000000000e+000    0.0000000000000000e+000    -8.5471002509259036e-017    -8.5471002509259043e-011 ; 
    2.2000000000000006e-005    -1.4478862436145798e-005    -1.0863364418926818e-012    6.5571395390470126e+000    -5.3981207617246052e-001    2.6563419593255152e+004    0.0000000000000000e+000    -8.5471002509259026e-023    -3.0076552774879783e-015    -2.9221842749787196e-009 ; 
    2.3000000000000007e-005    -1.5018674512318259e-005    -1.8938318231937382e-011    5.5777408577613654e+000    -5.9795340739309921e-001    -5.8141331220638713e+004    0.0000000000000000e+000    -3.0931262799972375e-021    -5.3692958696114169e-014    -5.0685303418626183e-008 ; 
    2.4000000000000007e-005    -1.5616627919711358e-005    -2.2324929021579960e-010    5.0675051471178234e+000    -7.0022323250723328e-001    -1.0226982511413419e+005    0.0000000000000000e+000    -5.6786084976111401e-020    -6.4794596925880027e-013    -5.9425301056268619e-007 ; 
    2.5000000000000008e-005    -1.6316851152218592e-005    -2.0006438665956248e-009    5.3295732859330194e+000    -7.7982770507518850e-001    -7.9604472567955134e+004    0.0000000000000000e+000    -7.0473205423491174e-019    -5.9424443796927313e-012    -5.2944984104339306e-006 ; 
    2.6000000000000009e-005    -1.7096678857293781e-005    -1.4528551073402940e-008    6.1662515725700757e+000    -7.8707081231237108e-001    -7.2431072371825630e+003    0.0000000000000000e+000    -6.6471764339276417e-018    -4.4152064944237377e-011    -3.8209620564544656e-005 ; 
    2.7000000000000009e-005    -1.7883749669606152e-005    -8.9000948636540019e-008    7.0240285504561397e+000    -7.2012780254319153e-001    6.6943009769179567e+004    0.0000000000000000e+000    -5.0799241378165031e-017    -2.7666616781946752e-010    -2.3251410287523016e-004 ; 
