abaqus_a = [
                  0.                     0.             ;
                  2.E-06                 0.             ;
                  4.E-06                 0.             ;
                  6.E-06                 0.             ;
                  8.E-06                 0.             ;
                 10.E-06                 0.             ;
                 12.E-06              -798.66913        ;
                 14.E-06              -718.10559        ;
                 16.E-06              -583.33087        ;
                 18.000002E-06        -410.49161        ;
                 20.E-06              -219.98607        ;
                 22.E-06               -33.755341       ;
                 24.E-06               127.59408        ;
                 26.E-06               247.43536        ;
                 28.E-06               315.17273        ;
                 30.E-06               327.42279        ;
                 32.E-06               288.17941        ;
                 34.E-06               207.96236        ;
                 36.000004E-06         102.09168        ;
                 38.E-06               -11.643794       ;
                 40.E-06              -115.57888        ;
                 42.E-06              -194.64758        ;
                 44.E-06              -238.39227        ;
                 46.E-06              -242.23184        ;
                 48.E-06              -207.8298         ;
                 49.999996E-06        -142.53847        ;
                 52.E-06               -58.031933       ;
                 54.E-06                31.643663       ;
                 56.E-06               112.29483        ;
                 58.000004E-06         171.74017        ;
                 60.E-06               201.58409        ;
                 62.E-06               198.35217        ;
                 64.E-06               163.8371         ;
                 66.E-06               104.62944        ;
                 68.E-06                30.928659       ;
                 70.E-06               -45.158791       ;
                 72.000008E-06        -111.5621         ;
                 74.E-06              -158.12154        ;
                 76.E-06               637.17529        ;
                 77.999992E-06         596.75879        ;
                 80.E-06               523.00519        ;
                 82.E-06               422.68015        ;
                 84.E-06               304.96021        ;
                 86.E-06               180.51279        ;
                 88.E-06                60.397705       ;
                 90.E-06               -45.08868        ;
                 92.E-06              -127.49454        ;
                 94.000008E-06        -181.09033        ;
                 96.E-06              -203.43596        ;
                 98.E-06              -195.56548        ;
                 99.999992E-06        -161.76404        ;
                102.E-06              -108.96228        ;
                104.E-06               -45.823006       ;
                106.E-06                18.365116       ;
                108.E-06                74.846458       ;
                110.E-06               116.46164        ;
                112.E-06               138.47954        ;
                114.E-06               139.09308        ;
                116.00001E-06          119.51915        ;
                117.99999E-06           83.69632        ;
                120.E-06                37.628342       ;
                121.99999E-06          -11.530288       ;
                124.E-06               -56.516727       ;
                126.E-06               -90.983902       ;
                128.E-06              -110.36438        ;
                130.E-06              -112.45708        ;
                132.E-06               -97.660294       ;
                134.E-06               -68.826248       ;
                136.E-06               -30.766539       ;
                138.E-06                10.512277       ;
                140.E-06                48.726467       ;
                142.E-06                78.249344       ;
                144.00002E-06           94.925026       ;
                146.00002E-06           96.644997       ;
                148.E-06                83.607567       ;
                149.99998E-06           58.228367       ;
                152.E-06                24.722479       ;
                154.E-06               -11.572827       ;
                155.99998E-06          -45.028374       ;
                158.E-06               -70.578712       ;
                160.E-06               -84.473991       ;
                162.E-06               -84.816345       ;
                164.E-06               -71.803833       ;
                166.E-06               -47.649776       ;
                168.E-06               -16.195761       ;
                170.E-06                17.718012       ;
                172.E-06                49.024727       ;
                174.E-06                73.225273       ;
                176.E-06                87.083031       ;
                178.E-06                89.114212       ;
                180.E-06                79.801758       ;
                182.E-06                61.50396        ;
                184.E-06                38.076275       ;
                186.E-06                14.268325       ;
                188.00002E-06           -5.0082598      ;
                190.00002E-06          -15.42709        ;
                192.E-06               -13.894943       ;
                193.99998E-06          997.13733E-03    ;
                196.E-06                28.785004       ;
                198.E-06                67.228706       ;
                199.99998E-06          112.67505        ;
                201.99998E-06          160.62369        ;
                204.E-06               206.40448        ;
                206.E-06               245.85802        ;
                208.E-06               275.9126         ;
                210.E-06               294.96921        ;
                212.E-06               303.03772        ;
                214.E-06               301.60822        ;
                216.E-06               293.28406        ;
                218.E-06               281.24069        ;
                220.E-06               268.60248        ;
                222.E-06               257.84201        ;
                224.E-06               250.30191        ;
                226.00002E-06          245.92047        ;
                228.E-06               243.20705        ;
                230.E-06               239.47548        ;
                232.00002E-06          231.30055        ;
                234.00002E-06          215.1263         ;
                235.99998E-06          187.93063        ;
                237.99998E-06          147.83966        ;
                240.E-06                94.591866       ;
                242.E-06                29.774328       ;
                243.99998E-06          -43.213806       ;
                246.E-06              -119.47255        ;
                248.E-06              -193.14923        ;
                250.E-06              -258.14911        ;
                252.E-06              -308.90887        ;
                254.00002E-06         -341.12466        ;
                256.E-06              -352.33115        ;
                258.E-06              -342.25098        ;
                260.E-06              -312.86563        ;
                262.E-06              -268.19922        ;
                264.E-06              -213.8465         ;
                266.E-06              -156.31201        ;
                268.E-06              -102.24998        ;
                269.99997E-06          -57.707275       ;
                272.E-06               -27.465923       ;
