abaqus_v = [
                  0.                     0.                 ;
                  2.E-06                 0.                 ;
                  4.E-06                 0.                 ;
                  6.E-06                 0.                 ;
                  8.E-06                 0.                 ;
                 10.E-06                 0.                 ;
                 12.E-06                -1.2146209E-03      ;
                 14.E-06                -2.7389507E-03      ;
                 16.E-06                -4.0462832E-03      ;
                 18.000002E-06          -5.0436583E-03      ;
                 20.E-06                -5.6749749E-03      ;
                 22.E-06                -5.9268298E-03      ;
                 24.E-06                -5.8287206E-03      ;
                 26.E-06                -5.44768E-03        ;
                 28.E-06                -4.8781719E-03      ;
                 30.E-06                -4.2287216E-03      ;
                 32.E-06                -3.607204E-03       ;
                 34.E-06                -3.1068106E-03      ;
                 36.000004E-06          -2.7946339E-03      ;
                 38.E-06                -2.7043405E-03      ;
                 40.E-06                -2.8338175E-03      ;
                 42.E-06                -3.1479328E-03      ;
                 44.E-06                -3.5858209E-03      ;
                 46.E-06                -4.0714731E-03      ;
                 48.E-06                -4.5259767E-03      ;
                 49.999996E-06          -4.8795571E-03      ;
                 52.E-06                -5.0816813E-03      ;
                 54.E-06                -5.1078057E-03      ;
                 56.E-06                -4.9619069E-03      ;
                 58.000004E-06          -4.6745911E-03      ;
                 60.E-06                -4.2972269E-03      ;
                 62.E-06                -3.8931458E-03      ;
                 64.E-06                -3.5273564E-03      ;
                 66.E-06                -3.2563744E-03      ;
                 68.E-06                -3.1197388E-03      ;
                 70.E-06                -3.1344488E-03      ;
                 72.000008E-06          -3.2930803E-03      ;
                 74.E-06                -3.5657594E-03      ;
                 76.E-06                -3.497926E-03       ;
                 77.999992E-06          -2.259516E-03       ;
                 80.E-06                -1.1359423E-03      ;
                 82.E-06              -187.4622E-06         ;
                 84.E-06               541.70844E-06        ;
                 86.E-06                 1.0273268E-03      ;
                 88.E-06                 1.2670208E-03      ;
                 90.E-06                 1.2799182E-03      ;
                 92.E-06                 1.1040196E-03      ;
                 94.000008E-06         791.59967E-06        ;
                 96.E-06               403.15094E-06        ;
                 98.E-06               569.49646E-09        ;
                 99.999992E-06        -359.62079E-06        ;
                102.E-06              -632.20892E-06        ;
                104.E-06              -787.70685E-06        ;
                106.E-06              -814.72284E-06        ;
                108.E-06              -720.05188E-06        ;
                110.E-06              -526.52527E-06        ;
                112.E-06              -268.94977E-06        ;
                114.E-06                11.291573E-06       ;
                116.00001E-06          272.23871E-06        ;
                117.99999E-06          477.14871E-06        ;
                120.E-06               599.32184E-06        ;
                121.99999E-06          625.34241E-06        ;
                124.E-06               556.34442E-06        ;
                126.E-06               407.19327E-06        ;
                128.E-06               203.76155E-06        ;
                130.E-06               -21.257042E-06       ;
                132.E-06              -233.36061E-06        ;
                134.E-06              -401.33914E-06        ;
                136.E-06              -501.72742E-06        ;
                138.E-06              -521.98663E-06        ;
                140.E-06              -461.98727E-06        ;
                142.E-06              -333.62262E-06        ;
                144.00002E-06         -158.6579E-06         ;
                146.00002E-06           34.823925E-06       ;
                148.E-06               216.81874E-06        ;
                149.99998E-06          359.96924E-06        ;
                152.E-06               443.61938E-06        ;
                154.E-06               456.76245E-06        ;
                155.99998E-06          399.46689E-06        ;
                158.E-06               282.59891E-06        ;
                160.E-06               125.9229E-06         ;
                162.E-06               -45.098946E-06       ;
                164.E-06              -203.29424E-06        ;
                166.E-06              -323.93216E-06        ;
                168.E-06              -388.40247E-06        ;
                170.E-06              -386.86682E-06        ;
                172.E-06              -319.49478E-06        ;
                174.E-06              -196.11766E-06        ;
                176.E-06               -34.378708E-06       ;
                178.E-06               143.3132E-06         ;
                180.E-06               313.54059E-06        ;
                182.E-06               455.75745E-06        ;
                184.E-06               555.69482E-06        ;
                186.E-06               607.77478E-06        ;
                188.00002E-06          616.17596E-06        ;
                190.00002E-06          594.40472E-06        ;
                192.E-06               563.45764E-06        ;
                193.99998E-06          548.87476E-06        ;
                196.E-06               577.14636E-06        ;
                198.E-06               672.02911E-06        ;
                199.99998E-06          851.32666E-06        ;
                201.99998E-06            1.1246088E-03      ;
                204.E-06                 1.4921874E-03      ;
                206.E-06                 1.9454638E-03      ;
                208.E-06                 2.4685469E-03      ;
                210.E-06                 3.0408404E-03      ;
                212.E-06                 3.6401591E-03      ;
                214.E-06                 4.2458496E-03      ;
                216.E-06                 4.8414121E-03      ;
                218.E-06                 5.4161983E-03      ;
                220.E-06                 5.9659395E-03      ;
                222.E-06                 6.4920344E-03      ;
                224.E-06                 6.9997454E-03      ;
                226.00002E-06            7.4956336E-03      ;
                228.E-06                 7.9846969E-03      ;
                230.E-06                 8.4677095E-03      ;
                232.00002E-06            8.9392691E-03      ;
                234.00002E-06            9.3869047E-03      ;
                235.99998E-06            9.7914886E-03      ;
                237.99998E-06           10.12893E-03        ;
                240.E-06                10.372952E-03       ;
                242.E-06                10.49859E-03        ;
                243.99998E-06           10.485896E-03       ;
                246.E-06                10.323267E-03       ;
                248.E-06                10.009938E-03       ;
                250.E-06                 9.5571861E-03      ;
                252.E-06                 8.9880428E-03      ;
                254.00002E-06            8.3354883E-03      ;
