%%%
%%%  JOB TITLE : NON-LINEAR DYNAMIC EXPLICIT SOLVER TEST SERIES -- TEST 5: HYPOELASTIC, PETRINIC TEST: SHEAR STRESS
%%%  JOB ID    : {7d474a69-a315-4f24-a238-9df38685b4e7}
%%%  SUBMITED ON : 15 September 2013, 01:30:00
%%%
%%% ------
%%%
%%%  THIS IS STEP  0 : Transient analysis with no hourglass control

hypo_test = [
    4.0000000000000010e-005    2.3750000000000004e+000    2.1579764544116817e+007    -2.1579764544116817e+007    1.9181163715560484e+009 ; 
    7.9999999999999966e-005    4.8749999999999973e+000    9.3499406889006749e+007    -9.3499406889006749e+007    3.9360584426925926e+009 ; 
    1.1999999999999985e-004    7.3749999999999911e+000    2.1584175774052244e+008    -2.1584175774052244e+008    5.9516036302174807e+009 ; 
    1.5999999999999974e-004    9.8749999999999840e+000    3.8853193169994485e+008    -3.8853193169988739e+008    7.9634921902314329e+009 ; 
    1.9999999999999963e-004    1.2374999999999979e+001    6.1146357480651116e+008    -6.1146357480645370e+008    9.9704666247750053e+009 ; 
    2.3999999999999952e-004    1.4874999999999972e+001    8.8449893002300239e+008    -8.8449893002294493e+008    1.1971272467805769e+010 ; 
    2.7999999999999943e-004    1.7374999999999964e+001    1.2074689223491786e+009    -1.2074689223491211e+009    1.3964659069305302e+010 ; 
    3.1999999999999932e-004    1.9874999999999954e+001    1.5801732635111089e+009    -1.5801732635109940e+009    1.5949380377025642e+010 ; 
    3.5999999999999921e-004    2.2374999999999950e+001    2.0023805761611161e+009    -2.0023805761610012e+009    1.7924195715386803e+010 ; 
    3.9999999999999910e-004    2.4874999999999947e+001    2.4738285375119343e+009    -2.4738285375118194e+009    1.9887870561038174e+010 ; 
    4.3999999999999899e-004    2.7374999999999932e+001    2.9942240423151526e+009    -2.9942240423150377e+009    2.1839177314599270e+010 ; 
    4.7999999999999887e-004    2.9874999999999932e+001    3.5632433850832505e+009    -3.5632433850831776e+009    2.3776896068097282e+010 ; 
    5.1999999999999963e-004    3.2374999999999972e+001    4.1805324614417944e+009    -4.1805324614417791e+009    2.5699815367621593e+010 ; 
    5.6000000000000060e-004    3.4875000000000028e+001    4.8457069884864292e+009    -4.8457069884865284e+009    2.7606732970718605e+010 ; 
    6.0000000000000157e-004    3.7375000000000085e+001    5.5583527440077648e+009    -5.5583527440079784e+009    2.9496456598053177e+010 ; 
    6.4000000000000255e-004    3.9875000000000156e+001    6.3180258244349155e+009    -6.3180258244353018e+009    3.1367804678866997e+010 ; 
    6.8000000000000352e-004    4.2375000000000213e+001    7.1242529213375387e+009    -7.1242529213380394e+009    3.3219607089767448e+010 ; 
    7.2000000000000449e-004    4.4875000000000277e+001    7.9765316163135452e+009    -7.9765316163141184e+009    3.5050705886385468e+010 ; 
    7.6000000000000546e-004    4.7375000000000334e+001    8.8743306940792789e+009    -8.8743306940799656e+009    3.6859956027444382e+010 ; 
    8.0000000000000644e-004    4.9875000000000398e+001    9.8170904735669498e+009    -9.8170904735677509e+009    3.8646226090787453e+010 ; 
    8.4000000000000741e-004    5.2375000000000455e+001    1.0804223156822702e+010    -1.0804223156823492e+010    4.0408398980916069e+010 ; 
    8.8000000000000838e-004    5.4875000000000512e+001    1.1835113195487858e+010    -1.1835113195488718e+010    4.2145372627596252e+010 ; 
    9.2000000000000935e-004    5.7375000000000576e+001    1.2909117674635431e+010    -1.2909117674636366e+010    4.3856060675096504e+010 ; 
    9.6000000000001032e-004    5.9875000000000639e+001    1.4025566713721672e+010    -1.4025566713722679e+010    4.5539393161626060e+010 ; 
    1.0000000000000113e-003    6.2375000000000703e+001    1.5183763884403204e+010    -1.5183763884404299e+010    4.7194317188548508e+010 ; 
    1.0400000000000123e-003    6.4875000000000767e+001    1.6382986644958996e+010    -1.6382986644960121e+010    4.8819797578952217e+010 ; 
    1.0800000000000132e-003    6.7375000000000824e+001    1.7622486791046032e+010    -1.7622486791047188e+010    5.0414817525165749e+010 ; 
    1.1200000000000142e-003    6.9875000000000881e+001    1.8901490922507774e+010    -1.8901490922509003e+010    5.1978379224813110e+010 ; 
    1.1600000000000152e-003    7.2375000000000938e+001    2.0219200925943974e+010    -2.0219200925945232e+010    5.3509504505011002e+010 ; 
    1.2000000000000162e-003    7.4875000000000995e+001    2.1574794472740623e+010    -2.1574794472741997e+010    5.5007235434317627e+010 ; 
    1.2400000000000171e-003    7.7375000000001066e+001    2.2967425532249672e+010    -2.2967425532251133e+010    5.6470634922050194e+010 ; 
    1.2800000000000181e-003    7.9875000000001123e+001    2.4396224899797764e+010    -2.4396224899799297e+010    5.7898787304596092e+010 ; 
    1.3200000000000191e-003    8.2375000000001180e+001    2.5860300739194805e+010    -2.5860300739196411e+010    5.9290798918351044e+010 ; 
    1.3600000000000200e-003    8.4875000000001236e+001    2.7358739139403637e+010    -2.7358739139405357e+010    6.0645798658925682e+010 ; 
    1.4000000000000210e-003    8.7375000000001307e+001    2.8890604685023537e+010    -2.8890604685025330e+010    6.1962938526270538e+010 ; 
    1.4400000000000220e-003    8.9875000000001364e+001    3.0454941040230865e+010    -3.0454941040232777e+010    6.3241394155378403e+010 ; 
    1.4800000000000230e-003    9.2375000000001421e+001    3.2050771545813251e+010    -3.2050771545815319e+010    6.4480365332232025e+010 ; 
    1.5200000000000239e-003    9.4875000000001492e+001    3.3677099828923740e+010    -3.3677099828925922e+010    6.5679076494673920e+010 ; 
    1.5600000000000249e-003    9.7375000000001549e+001    3.5332910425174576e+010    -3.5332910425176910e+010    6.6836777217885246e+010 ; 
    1.6000000000000259e-003    9.9875000000001620e+001    3.7017169412682388e+010    -3.7017169412684898e+010    6.7952742684169373e+010 ; 
    1.6400000000000269e-003    1.0237500000000169e+002    3.8728825057668594e+010    -3.8728825057671165e+010    6.9026274136746338e+010 ; 
    1.6800000000000278e-003    1.0487500000000173e+002    4.0466808471211708e+010    -4.0466808471214447e+010    7.0056699317274185e+010 ; 
    1.7200000000000288e-003    1.0737500000000180e+002    4.2230034276742500e+010    -4.2230034276745430e+010    7.1043372886822800e+010 ; 
    1.7600000000000298e-003    1.0987500000000185e+002    4.4017401287863625e+010    -4.4017401287866585e+010    7.1985676830037033e+010 ; 
    1.8000000000000307e-003    1.1237500000000192e+002    4.5827793196071411e+010    -4.5827793196074516e+010    7.2883020842235931e+010 ; 
    1.8400000000000317e-003    1.1487500000000198e+002    4.7660079267950508e+010    -4.7660079267953720e+010    7.3734842699205292e+010 ; 
    1.8800000000000327e-003    1.1737500000000205e+002    4.9513115051405106e+010    -4.9513115051408432e+010    7.4540608609452377e+010 ; 
    1.9200000000000337e-003    1.1987500000000209e+002    5.1385743090486252e+010    -5.1385743090489571e+010    7.5299813548701767e+010 ; 
    1.9600000000000338e-003    1.2237500000000212e+002    5.3276793648368546e+010    -5.3276793648371735e+010    7.6011981576422760e+010 ; 
    2.0000000000000304e-003    1.2487500000000192e+002    5.5185085438024521e+010    -5.5185085438027809e+010    7.6676666134190094e+010 ; 
    2.0400000000000270e-003    1.2737500000000171e+002    5.7109426360141846e+010    -5.7109426360144699e+010    7.7293450325690796e+010 ; 
    2.0800000000000237e-003    1.2987500000000148e+002    5.9048614247817894e+010    -5.9048614247820587e+010    7.7861947178201569e+010 ; 
    2.1200000000000203e-003    1.3237500000000128e+002    6.1001437617573250e+010    -6.1001437617575859e+010    7.8381799885373093e+010 ; 
    2.1600000000000169e-003    1.3487500000000108e+002    6.2966676426208916e+010    -6.2966676426211525e+010    7.8852682031168259e+010 ; 
