abaqus_a = [
                  0.                    19.999998       ;
                  2.E-06                19.999998       ;
                  4.E-06                19.999998       ;
                  6.E-06                19.999998       ;
                  8.E-06                19.999998       ;
                 10.E-06                19.999998       ;
                 12.E-06                19.999998       ;
                 14.E-06                19.999998       ;
                 16.E-06                19.999998       ;
                 18.000002E-06          19.999998       ;
                 20.E-06                19.999998       ;
                 22.E-06                19.999998       ;
                 24.E-06                19.999998       ;
                 26.E-06                19.999998       ;
                 28.E-06                19.999998       ;
                 30.E-06                19.999998       ;
                 32.E-06                19.999998       ;
                 34.E-06                19.999998       ;
                 36.000004E-06          19.999998       ;
                 38.E-06                19.999998       ;
                 40.E-06                19.999998       ;
                 42.E-06                19.999998       ;
                 44.E-06                19.999998       ;
                 46.E-06                19.999998       ;
                 48.E-06                19.999998       ;
                 49.999996E-06          19.999998       ;
                 52.E-06                19.999998       ;
                 54.E-06                19.999998       ;
                 56.E-06                19.999998       ;
                 58.000004E-06          19.999998       ;
                 60.E-06                19.999998       ;
                 62.E-06                19.999998       ;
                 64.E-06                19.999998       ;
                 66.E-06                19.999998       ;
                 68.E-06                19.999998       ;
                 70.E-06                19.999998       ;
                 72.000008E-06          19.999998       ;
                 74.E-06                19.999998       ;
                 76.E-06                19.999998       ;
                 77.999992E-06          19.999998       ;
                 80.E-06                19.999998       ;
                 82.E-06                19.999998       ;
                 84.E-06                19.999998       ;
                 86.E-06                19.999998       ;
                 88.E-06                19.999998       ;
                 90.E-06                19.999998       ;
                 92.E-06                19.999998       ;
                 94.000008E-06          19.999998       ;
                 96.E-06                19.999998       ;
                 98.E-06                19.999998       ;
                 99.999992E-06          19.999998       ;
                102.E-06                19.999998       ;
                104.E-06                19.999998       ;
                106.E-06                19.999998       ;
                108.E-06                19.999998       ;
                110.E-06                19.999998       ;
                112.E-06                19.999998       ;
                114.E-06                19.999998       ;
                116.00001E-06           19.999998       ;
                117.99999E-06           19.999998       ;
                120.E-06                19.999998       ;
                121.99999E-06           19.999998       ;
                124.E-06                19.999998       ;
                126.E-06                19.999998       ;
                128.E-06                19.999998       ;
                130.E-06                19.999998       ;
                132.E-06                19.999998       ;
                134.E-06                19.999998       ;
                136.E-06                19.999998       ;
                138.E-06                19.999998       ;
                140.E-06                19.999998       ;
                142.E-06                19.999998       ;
                144.00002E-06           19.999998       ;
                146.00002E-06           19.999998       ;
                148.E-06                19.999998       ;
                149.99998E-06           19.999998       ;
                152.E-06                19.999998       ;
                154.E-06                19.999998       ;
                155.99998E-06           19.999998       ;
                158.E-06                19.999998       ;
                160.E-06                19.999998       ;
                162.E-06                19.999998       ;
                164.E-06                19.999998       ;
                166.E-06                19.999998       ;
                168.E-06                19.999998       ;
                170.E-06                19.999998       ;
                172.E-06                19.999998       ;
                174.E-06                19.999998       ;
                176.E-06                19.999998       ;
                178.E-06                19.999998       ;
                180.E-06                19.999998       ;
                182.E-06                19.999998       ;
                184.E-06                19.999998       ;
                186.E-06                19.999998       ;
                188.00002E-06           19.999998       ;
                190.00002E-06           19.999998       ;
                192.E-06                19.999998       ;
                193.99998E-06           19.999998       ;
                196.E-06                19.999998       ;
                198.E-06                19.999998       ;
                199.99998E-06           19.999998       ;
                201.99998E-06           19.999998       ;
                204.E-06                19.999998       ;
                206.E-06                19.999998       ;
                208.E-06                19.999998       ;
                210.E-06                19.999998       ;
                212.E-06                19.999998       ;
                214.E-06                19.999998       ;
                216.E-06                19.999998       ;
                218.E-06                19.999998       ;
                220.E-06                19.999998       ;
                222.E-06                19.999998       ;
                224.E-06                19.999998       ;
                226.00002E-06           19.999998       ;
                228.E-06                19.999998       ;
                230.E-06                19.999998       ;
                232.00002E-06           19.999998       ;
                234.00002E-06           19.999998       ;
                235.99998E-06           19.999998       ;
                237.99998E-06           19.999998       ;
                240.E-06                19.999998       ;
                242.E-06                19.999998       ;
                243.99998E-06           19.999998       ;
                246.E-06                19.999998       ;
                248.E-06                19.999998       ;
                250.E-06                19.999998       ;
                252.E-06                19.999998       ;
                254.00002E-06           19.999998       ;
                256.E-06                19.999998       ;
                258.E-06                19.999998       ;
                260.E-06                19.999998       ;
                262.E-06                19.999998       ;
                264.E-06                19.999998       ;
                266.E-06                19.999998       ;
                268.E-06                19.999998       ;
                269.99997E-06           19.999998       ;
                272.E-06                19.999998       ;
