abaqus_sigma = [
                  0.                     0.                   ;
                  2.E-06                 0.                   ;
                  4.E-06                 0.                   ;
                  6.E-06                 1.4373916E-09        ;
                  8.E-06               167.68217E-09          ;
                 10.E-06                 4.1387177E-06        ;
                 12.E-06                50.647724E-06         ;
                 14.E-06               402.1832E-06           ;
                 16.E-06                 2.3600228E-03        ;
                 18.000002E-06          11.032125E-03         ;
                 20.E-06                43.11092E-03          ;
                 22.E-06               145.58182E-03          ;
                 24.E-06               435.14703E-03          ;
                 26.E-06                 1.1721741            ;
                 28.E-06                 2.8854508            ;
                 30.E-06                 6.5625629            ;
                 32.E-06                13.912884             ;
                 34.E-06                27.694603             ;
                 36.000004E-06          52.074669             ;
                 38.E-06                92.964882             ;
                 40.E-06               158.25537              ;
                 42.E-06               257.85693              ;
                 44.E-06               403.47449              ;
                 46.E-06               608.06915              ;
                 48.E-06               885.02521              ;
                 49.999996E-06           1.2471102E+03        ;
                 52.E-06                 1.7053852E+03        ;
                 54.E-06                 2.2682662E+03        ;
                 56.E-06                 2.9409418E+03        ;
                 58.000004E-06           3.7253003E+03        ;
                 60.E-06                 4.6204119E+03        ;
                 62.E-06                 5.6234903E+03        ;
                 64.E-06                 6.731101E+03         ;
                 66.E-06                 7.9403067E+03        ;
                 68.E-06                 9.2493916E+03        ;
                 70.E-06                10.657892E+03         ;
                 72.000008E-06          12.165793E+03         ;
                 74.E-06                13.772002E+03         ;
                 76.E-06                15.472409E+03         ;
                 77.999992E-06          17.258024E+03         ;
                 80.E-06                19.113766E+03         ;
                 82.E-06                21.018383E+03         ;
                 84.E-06                22.945763E+03         ;
                 86.E-06                24.867571E+03         ;
                 88.E-06                26.756805E+03         ;
                 90.E-06                28.591551E+03         ;
                 92.E-06                30.358126E+03         ;
                 94.000008E-06          32.052795E+03         ;
                 96.E-06                33.681622E+03         ;
                 98.E-06                35.25832E+03          ;
                 99.999992E-06          36.800625E+03         ;
                102.E-06                38.325878E+03         ;
                104.E-06                39.847031E+03         ;
                106.E-06                41.370018E+03         ;
                108.E-06                42.893215E+03         ;
                110.E-06                44.40921E+03          ;
                112.E-06                45.908497E+03         ;
                114.E-06                47.384094E+03         ;
                116.00001E-06           48.835926E+03         ;
                117.99999E-06           50.27364E+03          ;
                120.E-06                51.717018E+03         ;
                121.99999E-06           53.193634E+03         ;
                124.E-06                54.73418E+03          ;
                126.E-06                56.366539E+03         ;
                128.E-06                58.110035E+03         ;
                130.E-06                59.97131E+03          ;
                132.E-06                61.943062E+03         ;
                134.E-06                64.005951E+03         ;
                136.E-06                66.133453E+03         ;
                138.E-06                68.298386E+03         ;
                140.E-06                70.479668E+03         ;
                142.E-06                72.66745E+03          ;
                144.00002E-06           74.865578E+03         ;
                146.00002E-06           77.090431E+03         ;
                148.E-06                79.366753E+03         ;
                149.99998E-06           81.721397E+03         ;
                152.E-06                84.176682E+03         ;
                154.E-06                86.745033E+03         ;
                155.99998E-06           89.426437E+03         ;
                158.E-06                92.209213E+03         ;
                160.E-06                95.073875E+03         ;
                162.E-06                97.999046E+03         ;
                164.E-06               100.96769E+03          ;
                166.E-06               103.97201E+03          ;
                168.E-06               107.01552E+03          ;
                170.E-06               110.11175E+03          ;
                172.E-06               113.27993E+03          ;
                174.E-06               116.53867E+03          ;
                176.E-06               119.89949E+03          ;
                178.E-06               123.36177E+03          ;
                180.E-06               126.91073E+03          ;
                182.E-06               130.51874E+03          ;
                184.E-06               134.14989E+03          ;
                186.E-06               137.76649E+03          ;
                188.00002E-06          141.3358E+03           ;
                190.00002E-06          144.83539E+03          ;
                192.E-06               148.25592E+03          ;
                193.99998E-06          151.60033E+03          ;
                196.E-06               154.88025E+03          ;
                198.E-06               158.11075E+03          ;
                199.99998E-06          161.30476E+03          ;
                201.99998E-06          164.46887E+03          ;
                204.E-06               167.60173E+03          ;
                206.E-06               170.69547E+03          ;
                208.E-06               173.73938E+03          ;
                210.E-06               176.7253E+03           ;
                212.E-06               179.65248E+03          ;
                214.E-06               182.53079E+03          ;
                216.E-06               185.38144E+03          ;
                218.E-06               188.23444E+03          ;
                220.E-06               191.12384E+03          ;
                222.E-06               194.08177E+03          ;
                224.E-06               197.1326E+03           ;
                226.00002E-06          200.28912E+03          ;
                228.E-06               203.55121E+03          ;
                230.E-06               206.90739E+03          ;
                232.00002E-06          210.33897E+03          ;
                234.00002E-06          213.82515E+03          ;
                235.99998E-06          217.3483E+03           ;
                237.99998E-06          220.8976E+03           ;
                240.E-06               224.47061E+03          ;
                242.E-06               228.07228E+03          ;
                243.99998E-06          231.7121E+03           ;
                246.E-06               235.40016E+03          ;
