abaqus_u = [
                  0.                     0.                   ;
                  2.E-06                39.999996E-12         ;
                  4.E-06               159.99998E-12          ;
                  6.E-06               360.E-12               ;
                  8.E-06               639.99994E-12          ;
                 10.E-06               999.99994E-12          ;
                 12.E-06                 1.4399999E-09        ;
                 14.E-06                 1.9599998E-09        ;
                 16.E-06                 2.5599995E-09        ;
                 18.000002E-06           3.2399995E-09        ;
                 20.E-06                 3.9999993E-09        ;
                 22.E-06                 4.8399992E-09        ;
                 24.E-06                 5.7599993E-09        ;
                 26.E-06                 6.7599983E-09        ;
                 28.E-06                 7.8399992E-09        ;
                 30.E-06                 8.999999E-09         ;
                 32.E-06                10.239998E-09         ;
                 34.E-06                11.559999E-09         ;
                 36.000004E-06          12.959998E-09         ;
                 38.E-06                14.439996E-09         ;
                 40.E-06                15.999999E-09         ;
                 42.E-06                17.639997E-09         ;
                 44.E-06                19.360001E-09         ;
                 46.E-06                21.160004E-09         ;
                 48.E-06                23.040007E-09         ;
                 49.999996E-06          25.000002E-09         ;
                 52.E-06                27.040005E-09         ;
                 54.E-06                29.160007E-09         ;
                 56.E-06                31.360008E-09         ;
                 58.000004E-06          33.640007E-09         ;
                 60.E-06                36.000004E-09         ;
                 62.E-06                38.440002E-09         ;
                 64.E-06                40.960003E-09         ;
                 66.E-06                43.560005E-09         ;
                 68.E-06                46.240002E-09         ;
                 70.E-06                49.000008E-09         ;
                 72.000008E-06          51.840004E-09         ;
                 74.E-06                54.760002E-09         ;
                 76.E-06                57.759995E-09         ;
                 77.999992E-06          60.839993E-09         ;
                 80.E-06                64.E-09               ;
                 82.E-06                67.239998E-09         ;
                 84.E-06                70.55999E-09          ;
                 86.E-06                73.959991E-09         ;
                 88.E-06                77.439995E-09         ;
                 90.E-06                81.E-09               ;
                 92.E-06                84.639999E-09         ;
                 94.000008E-06          88.359993E-09         ;
                 96.E-06                92.160004E-09         ;
                 98.E-06                96.039986E-09         ;
                 99.999992E-06          99.999985E-09         ;
                102.E-06               104.03999E-09          ;
                104.E-06               108.15999E-09          ;
                106.E-06               112.35999E-09          ;
                108.E-06               116.63998E-09          ;
                110.E-06               120.99998E-09          ;
                112.E-06               125.43999E-09          ;
                114.E-06               129.95999E-09          ;
                116.00001E-06          134.55998E-09          ;
                117.99999E-06          139.23994E-09          ;
                120.E-06               143.99997E-09          ;
                121.99999E-06          148.83995E-09          ;
                124.E-06               153.75996E-09          ;
                126.E-06               158.75996E-09          ;
                128.E-06               163.83997E-09          ;
                130.E-06               168.99997E-09          ;
                132.E-06               174.23996E-09          ;
                134.E-06               179.55997E-09          ;
                136.E-06               184.95998E-09          ;
                138.E-06               190.43997E-09          ;
                140.E-06               195.99997E-09          ;
                142.E-06               201.63997E-09          ;
                144.00002E-06          207.35995E-09          ;
                146.00002E-06          213.15996E-09          ;
                148.E-06               219.03996E-09          ;
                149.99998E-06          224.99992E-09          ;
                152.E-06               231.03993E-09          ;
                154.E-06               237.15994E-09          ;
                155.99998E-06          243.35994E-09          ;
                158.E-06               249.63994E-09          ;
                160.E-06               255.99995E-09          ;
                162.E-06               262.43994E-09          ;
                164.E-06               268.95996E-09          ;
                166.E-06               275.55994E-09          ;
                168.E-06               282.23993E-09          ;
                170.E-06               288.99994E-09          ;
                172.E-06               295.8399E-09           ;
                174.E-06               302.75995E-09          ;
                176.E-06               309.75995E-09          ;
                178.E-06               316.83994E-09          ;
                180.E-06               323.99994E-09          ;
                182.E-06               331.2399E-09           ;
                184.E-06               338.55997E-09          ;
                186.E-06               345.95993E-09          ;
                188.00002E-06          353.43997E-09          ;
                190.00002E-06          360.99991E-09          ;
                192.E-06               368.63995E-09          ;
                193.99998E-06          376.35992E-09          ;
                196.E-06               384.15991E-09          ;
                198.E-06               392.03992E-09          ;
                199.99998E-06          399.99994E-09          ;
                201.99998E-06          408.03992E-09          ;
                204.E-06               416.15994E-09          ;
                206.E-06               424.35992E-09          ;
                208.E-06               432.63992E-09          ;
                210.E-06               440.99997E-09          ;
                212.E-06               449.43994E-09          ;
                214.E-06               457.95996E-09          ;
                216.E-06               466.55994E-09          ;
                218.E-06               475.23993E-09          ;
                220.E-06               483.99994E-09          ;
                222.E-06               492.83997E-09          ;
                224.E-06               501.76001E-09          ;
                226.00002E-06          510.75995E-09          ;
                228.E-06               519.83997E-09          ;
                230.E-06               528.99994E-09          ;
                232.00002E-06          538.23993E-09          ;
                234.00002E-06          547.55994E-09          ;
                235.99998E-06          556.95984E-09          ;
                237.99998E-06          566.43988E-09          ;
                240.E-06               575.99994E-09          ;
                242.E-06               585.63989E-09          ;
                243.99998E-06          595.35986E-09          ;
                246.E-06               605.15985E-09          ;
