abaqus_a_midpoint = [
                  0.                     0.                      ;
                  2.E-06                 0.                      ;
                  4.E-06                 0.                      ;
                  6.E-06                39.96254E-09             ;
                  8.E-06                 1.1276773E-06           ;
                 10.E-06                12.204187E-06            ;
                 12.E-06                78.747612E-06            ;
                 14.E-06               363.40149E-06             ;
                 16.E-06                 1.3207903E-03           ;
                 18.000002E-06           4.0072808E-03           ;
                 20.E-06                10.543809E-03            ;
                 22.E-06                24.70513E-03             ;
                 24.E-06                52.551048E-03            ;
                 26.E-06               102.96243E-03             ;
                 28.E-06               187.91855E-03             ;
                 30.E-06               322.36978E-03             ;
                 32.E-06               523.62634E-03             ;
                 34.E-06               810.2854E-03              ;
                 36.000004E-06           1.2008336               ;
                 38.E-06                 1.7121437               ;
                 40.E-06                 2.3581154               ;
                 42.E-06                 3.1486557               ;
                 44.E-06                 4.0890851               ;
                 46.E-06                 5.1798992               ;
                 48.E-06                 6.4166951               ;
                 49.999996E-06           7.7900057               ;
                 52.E-06                 9.2848301               ;
                 54.E-06                10.879834                ;
                 56.E-06                12.546375                ;
                 58.000004E-06          14.247797                ;
                 60.E-06                15.939539                ;
                 62.E-06                17.570608                ;
                 64.E-06                19.086681                ;
                 66.E-06                20.434855                ;
                 68.E-06                21.569372                ;
                 70.E-06                22.457453                ;
                 72.000008E-06          23.083868                ;
                 74.E-06                23.453079                ;
                 76.E-06                23.588285                ;
                 77.999992E-06          23.527002                ;
                 80.E-06                23.314058                ;
                 82.E-06                22.993357                ;
                 84.E-06                22.600355                ;
                 86.E-06                22.157042                ;
                 88.E-06                21.671101                ;
                 90.E-06                21.139372                ;
                 92.E-06                20.555153                ;
                 94.000008E-06          19.917526                ;
                 96.E-06                19.240051                ;
                 98.E-06                18.556154                ;
                 99.999992E-06          17.919283                ;
                102.E-06                17.396923                ;
                104.E-06                17.058882                ;
                106.E-06                16.962446                ;
                108.E-06                17.137783                ;
                110.E-06                17.576839                ;
                112.E-06                18.229349                ;
                114.E-06                19.007427                ;
                116.00001E-06           19.798552                ;
                117.99999E-06           20.484594                ;
                120.E-06                20.963078                ;
                121.99999E-06           21.165714                ;
                124.E-06                21.07033                 ;
                126.E-06                20.702873                ;
                128.E-06                20.128801                ;
                130.E-06                19.436235                ;
                132.E-06                18.713751                ;
                134.E-06                18.028851                ;
                136.E-06                17.411625                ;
                138.E-06                16.848206                ;
                140.E-06                16.285065                ;
                142.E-06                15.644094                ;
                144.00002E-06           14.843858                ;
                146.00002E-06           13.823148                ;
                148.E-06                12.560132                ;
                149.99998E-06           11.082724                ;
                152.E-06                 9.4675236               ;
                154.E-06                 7.8268833               ;
                155.99998E-06            6.2873201               ;
                158.E-06                 4.9634562               ;
                160.E-06                 3.9341469               ;
                162.E-06                 3.2258282               ;
                164.E-06                 2.806855                ;
                166.E-06                 2.5943594               ;
                168.E-06                 2.4722269               ;
                170.E-06                 2.3159769               ;
                172.E-06                 2.018934                ;
                174.E-06                 1.5145115               ;
                176.E-06               789.46051E-03             ;
                178.E-06              -114.38842E-03             ;
                180.E-06                -1.1098601               ;
                182.E-06                -2.0834367               ;
                184.E-06                -2.9187708               ;
                186.E-06                -3.520041                ;
                188.00002E-06           -3.8298352               ;
                190.00002E-06           -3.8388543               ;
                192.E-06                -3.5846994               ;
                193.99998E-06           -3.1416075               ;
                196.E-06                -2.6028187               ;
                198.E-06                -2.0607955               ;
                199.99998E-06           -1.5882823               ;
                201.99998E-06           -1.2246217               ;
                204.E-06              -969.96906E-03             ;
                206.E-06              -787.74994E-03             ;
                208.E-06              -614.89221E-03             ;
                210.E-06              -377.93585E-03             ;
                212.E-06               -10.512041E-03            ;
                214.E-06               530.73364E-03             ;
                216.E-06                 1.2537631               ;
                218.E-06                 2.1268222               ;
                220.E-06                 3.0818942               ;
                222.E-06                 4.0243392               ;
                224.E-06                 4.849534                ;
                226.00002E-06            5.4613166               ;
                228.E-06                 5.7902684               ;
                230.E-06                 5.8078094               ;
                232.00002E-06            5.5339365               ;
                234.00002E-06            5.0366983               ;
                235.99998E-06            4.4228945               ;
