%%%
%%%  JOB TITLE : LINEAR DYNAMIC EXPLICIT SOLVER TEST SERIES -- TEST 7: PRESCRIBED VELOCITY
%%%  JOB ID    : {07a3fc73-c239-48c8-b5fe-65eca9b6b546}
%%%  SUBMITED ON : 7 Febuary 2014, 00:02:07
%%%
%%% ------
%%%
%%%  THIS IS STEP  0 : <untitled>

results = [
    1.9999999999999999e-006    2.0000000000000002e-011    4.0000000000000003e-005    2.0000000000000004e+001    0.0000000000000000e+000    0.0000000000000000e+000    0.0000000000000000e+000    0.0000000000000000e+000    -6.7307678038465005e-002 ; 
    3.9999999999999998e-006    1.2000000000000000e-010    8.0000000000000007e-005    2.0000000000000007e+001    0.0000000000000000e+000    0.0000000000000000e+000    0.0000000000000000e+000    0.0000000000000000e+000    -3.9425160106462787e-001 ; 
    5.9999999999999993e-006    3.0000000000000000e-010    1.1999999999999999e-004    2.0000000000000000e+001    0.0000000000000000e+000    6.7626220580325090e-015    6.7626220580325096e-009    0.0000000000000000e+000    -9.4471002212080180e-001 ; 
    7.9999999999999996e-006    5.5999999999999993e-010    1.6000000000000001e-004    2.0000000000000025e+001    8.6687659581142836e-020    5.1046923701311082e-013    4.3054419949000049e-007    3.9690505991052754e-008    -1.6621112017616280e+000 ; 
    1.0000000000000001e-005    8.9999999999999999e-010    2.0000000000000001e-004    2.0000000000000025e+001    2.9324348337907507e-018    8.5649181385351826e-012    6.2296402013386862e-006    1.5743700585891116e-006    -2.4817588039278387e+000 ; 
    1.2000000000000002e-005    1.3200000000000000e-009    2.4000000000000003e-004    2.0000000000000000e+001    3.8240984481217879e-017    7.3766996096755515e-011    4.7023364587863569e-005    2.4223709589194429e-005    -3.3444130279078763e+000 ; 
    1.4000000000000003e-005    1.8200000000000001e-009    2.8000000000000003e-004    1.9999999999999947e+001    2.9624671840959196e-016    4.2402671911628780e-010    2.3978798128466923e-004    2.2125006131126163e-004    -4.2078152490857965e+000 ; 
    1.6000000000000003e-005    2.4000000000000004e-009    3.2000000000000008e-004    2.0000000000000000e+001    1.6313147724855169e-015    1.8455611764450220e-009    9.3451984148538493e-004    1.4293062034531488e-003    -5.0534324201546310e+000 ; 
    1.8000000000000004e-005    3.0600000000000006e-009    3.6000000000000002e-004    2.0000000000000000e+001    7.0294962004456412e-015    6.5389983098323611e-009    2.9863780583172590e-003    7.1723081354746598e-003    -5.8869695338249919e+000 ; 
    2.0000000000000005e-005    3.8000000000000009e-009    4.0000000000000007e-004    2.0000000000000000e+001    2.5135671775060393e-014    1.9748210797304563e-008    8.1810335325221677e-003    2.9608512812961809e-002    -6.7328107573868143e+000 ; 
    2.2000000000000006e-005    4.6200000000000010e-009    4.4000000000000012e-004    2.0000000000000000e+001    7.7538669287058175e-014    5.2454849605244107e-008    1.9800062890550887e-002    1.0448046930635256e-001    -7.6240759563044787e+000 ; 
    2.4000000000000007e-005    5.5200000000000016e-009    4.8000000000000017e-004    2.0000000000000053e+001    2.1205854440619404e-013    1.2532180535823850e-007    4.3256779844346727e-002    3.2380717520188895e-001    -8.5910250078949719e+000 ; 
    2.6000000000000009e-005    6.5000000000000020e-009    5.2000000000000017e-004    1.9999999999999947e+001    5.2454742567287563e-013    2.7384322986351529e-007    8.6676153955072166e-002    8.9921496451348715e-001    -9.6508501187519027e+000 ; 
    2.8000000000000010e-005    7.5600000000000028e-009    5.6000000000000017e-004    1.9999999999999947e+001    1.1914824994498893e-012    5.5434889194141681e-007    1.6125704802791843e-001    2.2719422908091222e+000    -1.0801410937059739e+001 ; 
    3.0000000000000011e-005    8.7000000000000035e-009    6.0000000000000016e-004    1.9999999999999947e+001    2.5147601501984698e-012    1.0501890208580028e-006    2.8126026205083893e-001    5.2853944958342058e+000    -1.2020344381697580e+001 ; 
    3.2000000000000005e-005    9.9200000000000038e-009    6.4000000000000016e-004    2.0000000000000053e+001    4.9786172902321409e-012    1.8771886943540944e-006    4.6352057517842549e-001    1.1430140273428027e+001    -1.3269539405567500e+001 ; 
    3.4000000000000000e-005    1.1220000000000004e-008    6.8000000000000005e-004    2.0000000000000053e+001    9.3167264476859271e-012    3.1873980430658627e-006    7.2647757996617046e-001    2.3157632928930330e+001    -1.4503596815773237e+001 ; 
    3.5999999999999994e-005    1.2600000000000004e-008    7.1999999999999983e-004    1.9999999999999837e+001    1.6585615471387806e-011    5.1703252812138868e-006    1.0888343005778702e+000    4.4237826232061082e+001    -1.5679950591187723e+001 ; 
    3.7999999999999989e-005    1.4060000000000003e-008    7.5999999999999972e-004    1.9999999999999837e+001    2.8239098585289773e-011    8.0512070866698317e-006    1.5680492539817510e+000    8.0110247975606143e+001    -1.6768035103891613e+001 ; 
    3.9999999999999983e-005    1.5600000000000004e-008    7.9999999999999960e-004    1.9999999999999837e+001    4.6197750727789898e-011    1.2086356951177632e-005    2.1789118953473317e+000    1.3815414350498639e+002    -1.7755282949017243e+001 ; 
    4.1999999999999977e-005    1.7220000000000005e-008    8.3999999999999949e-004    1.9999999999999837e+001    7.2907783180801316e-011    1.7556097095546771e-005    2.9324215937129892e+000    2.2778941239065227e+002    -1.8648684570027235e+001 ; 
    4.3999999999999972e-005    1.8920000000000003e-008    8.7999999999999938e-004    1.9999999999999837e+001    1.1138486660335943e-010    2.4756074377964221e-005    3.8350880509528724e+000    3.6032480327076217e+002    -1.9471849576727308e+001 ; 
    4.5999999999999966e-005    2.0700000000000000e-008    9.1999999999999927e-004    1.9999999999999837e+001    1.6524009595435917e-010    3.3987779609949309e-005    4.8886246369138071e+000    5.4849899757337926e+002    -2.0258643452669034e+001 ; 
    4.7999999999999961e-005    2.2559999999999998e-008    9.5999999999999916e-004    1.9999999999999837e+001    2.3868682711496951e-010    4.5548815913455280e-005    6.0898643627942413e+000    8.0571384296769054e+002    -2.1045237045594398e+001 ; 
    4.9999999999999955e-005    2.4499999999999998e-008    9.9999999999999915e-004    2.0000000000000053e+001    3.3652798440050612e-010    5.9722987687943756e-005    7.4306463158624458e+000    1.1450294391798047e+003    -2.1862625140000517e+001 ; 
    5.1999999999999949e-005    2.6519999999999995e-008    1.0399999999999990e-003    2.0000000000000053e+001    4.6412332487671852e-010    7.6769793520154285e-005    8.8974407318856006e+000    1.5780627818611770e+003    -2.2731331030978293e+001 ; 
    5.3999999999999944e-005    2.8619999999999991e-008    1.0799999999999989e-003    2.0000000000000053e+001    6.2733513404821979e-010    9.6912631163006499e-005    1.0470615511659558e+001    2.1139850668749750e+003    -2.3659257246275491e+001 ; 
    5.5999999999999938e-005    3.0799999999999991e-008    1.1199999999999988e-003    2.0000000000000053e+001    8.3244944951494551e-010    1.2032515206815338e-004    1.2123467764434112e+001    2.7588275084259108e+003    -2.4642713696229695e+001 ; 
    5.7999999999999933e-005    3.3059999999999986e-008    1.1599999999999987e-003    2.0000000000000053e+001    1.0860690310420002e-009    1.4711581474119955e-004    1.3821385282298172e+001    3.5152680382061176e+003    -2.5669826623140914e+001 ; 
    5.9999999999999927e-005    3.5399999999999986e-008    1.1999999999999986e-003    2.0000000000000053e+001    1.3949748602909342e-009    1.7731169230806150e-004    1.5521677800326957e+001    4.3829801926418359e+003    -2.6725025716056589e+001 ; 
    6.1999999999999921e-005    3.7819999999999984e-008    1.2399999999999985e-003    2.0000000000000053e+001    1.7659556400419265e-009    2.1084373189653473e-004    1.7174644453604156e+001    5.3594950576197489e+003    -2.7793231691329328e+001 ; 
