%%%
%%%  JOB TITLE : CILAMCE 2013 TEST: TEST 5 -- COMPRESSIVE PULSE LOAD, 80000 ELEMENTS, dt = 5e-8
%%%  JOB ID    : {85ce1940-3f19-4c7e-90b9-0371068f6736}
%%%  SUBMITED ON : 28 July 2013, 02:32:55
%%%
%%% ------
%%%
%%%  THIS IS STEP  0 : Transient analysis with no hourglass control

cilamce2013_05 = [
    1.9999999999999986e-006    0.0000000000000000e+000    0.0000000000000000e+000 ; 
    3.9999999999999981e-006    0.0000000000000000e+000    0.0000000000000000e+000 ; 
    6.0000000000000129e-006    0.0000000000000000e+000    0.0000000000000000e+000 ; 
    8.0000000000000217e-006    0.0000000000000000e+000    0.0000000000000000e+000 ; 
    1.0000000000000003e-005    0.0000000000000000e+000    -1.5365677049225104e-009 ; 
    1.1999999999999983e-005    -7.3692986561620642e-008    -9.0702947845804989e+000 ; 
    1.3999999999999964e-005    -1.5027969893060803e-007    -9.0702947845804989e+000 ; 
    1.5999999999999969e-005    -2.3492979240007686e-007    -9.0702947845804989e+000 ; 
    1.8000000000000017e-005    -3.2012562324785481e-007    -9.0702947845804989e+000 ; 
    2.0000000000000066e-005    -4.1028126750507641e-007    -9.0702947845804989e+000 ; 
    2.2000000000000115e-005    -4.9489429865848721e-007    -9.0702947845804989e+000 ; 
    2.4000000000000163e-005    -5.7737744398821808e-007    -9.0702947845804989e+000 ; 
    2.6000000000000212e-005    -6.5255948737962027e-007    -9.0702947845804989e+000 ; 
    2.8000000000000260e-005    -7.2542312481706153e-007    -9.0702947845804989e+000 ; 
    3.0000000000000309e-005    -7.9447869503894793e-007    -9.0702947845804989e+000 ; 
    3.2000000000000358e-005    -8.7101172248479080e-007    -9.0702947845804989e+000 ; 
    3.4000000000000406e-005    -9.5257406242976909e-007    -9.0702947845804989e+000 ; 
    3.6000000000000455e-005    -1.0406333285869432e-006    -9.0702947845804989e+000 ; 
    3.8000000000000504e-005    -1.1312962838762383e-006    -9.0702947845804989e+000 ; 
    4.0000000000000552e-005    -1.2248871394580504e-006    -9.0702947845804989e+000 ; 
    4.2000000000000601e-005    -1.3114018963278760e-006    -9.0702947845804989e+000 ; 
    4.4000000000000649e-005    -1.3901305974697079e-006    -9.0702947845804989e+000 ; 
    4.6000000000000698e-005    -1.4619625099102061e-006    -9.0702947845804989e+000 ; 
    4.8000000000000747e-005    -1.5293924494028552e-006    -9.0702947845804989e+000 ; 
    5.0000000000000795e-005    -1.5977639723827322e-006    -9.0702947845804989e+000 ; 
    5.2000000000000844e-005    -1.6741539277962853e-006    -9.0702947845804989e+000 ; 
    5.4000000000000892e-005    -1.7574974044566461e-006    -9.0702947845804989e+000 ; 
    5.6000000000000941e-005    -1.8469930108109285e-006    -9.0702947845804989e+000 ; 
    5.8000000000000990e-005    -1.9402841867345143e-006    -9.0702947845804989e+000 ; 
    6.0000000000001038e-005    -2.0323557648021155e-006    -9.0702947845804989e+000 ; 
    6.2000000000001087e-005    -2.1197950702906362e-006    -9.0702947845804989e+000 ; 
    6.4000000000001136e-005    -2.1989754586917826e-006    -9.0702947845804989e+000 ; 
    6.6000000000001184e-005    -2.2724570168003100e-006    -9.0702947845804989e+000 ; 
    6.8000000000001233e-005    -2.3405360855376002e-006    -9.0702947845804989e+000 ; 
    7.0000000000001281e-005    -2.4080038870040368e-006    -9.0702947845804989e+000 ; 
    7.2000000000001330e-005    -2.4808445690390455e-006    -9.0702947845804989e+000 ; 
    7.4000000000001379e-005    -2.5615259723585839e-006    -9.0702947845804989e+000 ; 
    7.6000000000001427e-005    -2.6133738119046839e-006    0.0000000000000000e+000 ; 
    7.8000000000001476e-005    -2.6347890957371983e-006    0.0000000000000000e+000 ; 
    8.0000000000001524e-005    -2.6469048459143125e-006    0.0000000000000000e+000 ; 
    8.2000000000001573e-005    -2.6524331372811934e-006    0.0000000000000000e+000 ; 
    8.4000000000001622e-005    -2.6436550036288899e-006    0.0000000000000000e+000 ; 
    8.6000000000001670e-005    -2.6283120330956209e-006    0.0000000000000000e+000 ; 
    8.8000000000001719e-005    -2.6119157073153566e-006    0.0000000000000000e+000 ; 
    9.0000000000001767e-005    -2.6018551967270496e-006    0.0000000000000000e+000 ; 
    9.2000000000001816e-005    -2.6006133875511894e-006    0.0000000000000000e+000 ; 
    9.4000000000001865e-005    -2.6112541259299154e-006    0.0000000000000000e+000 ; 
    9.6000000000001913e-005    -2.6259460162694952e-006    0.0000000000000000e+000 ; 
    9.8000000000001962e-005    -2.6372322702202420e-006    0.0000000000000000e+000 ; 
    1.0000000000000201e-004    -2.6456924827596306e-006    0.0000000000000000e+000 ; 
    1.0200000000000206e-004    -2.6459392589903300e-006    0.0000000000000000e+000 ; 
    1.0400000000000211e-004    -2.6362120929963679e-006    0.0000000000000000e+000 ; 
    1.0600000000000216e-004    -2.6239791447464973e-006    0.0000000000000000e+000 ; 
    1.0800000000000221e-004    -2.6115735887279994e-006    0.0000000000000000e+000 ; 
    1.1000000000000225e-004    -2.6036886851643016e-006    0.0000000000000000e+000 ; 
    1.1200000000000230e-004    -2.6061830573629426e-006    0.0000000000000000e+000 ; 
    1.1400000000000235e-004    -2.6144462783072492e-006    0.0000000000000000e+000 ; 
    1.1600000000000240e-004    -2.6260747005249172e-006    0.0000000000000000e+000 ; 
    1.1800000000000245e-004    -2.6369337575833508e-006    0.0000000000000000e+000 ; 
    1.2000000000000250e-004    -2.6424478331130718e-006    0.0000000000000000e+000 ; 
    1.2200000000000255e-004    -2.6427274471433369e-006    0.0000000000000000e+000 ; 
    1.2400000000000258e-004    -2.6348896317969934e-006    0.0000000000000000e+000 ; 
    1.2600000000000263e-004    -2.6252427958975210e-006    0.0000000000000000e+000 ; 
    1.2800000000000268e-004    -2.6142035595767869e-006    0.0000000000000000e+000 ; 
    1.3000000000000273e-004    -2.6083252864991287e-006    0.0000000000000000e+000 ; 
    1.3200000000000277e-004    -2.6067792876038668e-006    0.0000000000000000e+000 ; 
    1.3400000000000282e-004    -2.6141833187828250e-006    0.0000000000000000e+000 ; 
    1.3600000000000287e-004    -2.6225214810160549e-006    0.0000000000000000e+000 ; 
    1.3800000000000292e-004    -2.6342277537671081e-006    0.0000000000000000e+000 ; 
    1.4000000000000297e-004    -2.6389974871858301e-006    0.0000000000000000e+000 ; 
    1.4200000000000302e-004    -2.6423177653201366e-006    0.0000000000000000e+000 ; 
    1.4400000000000307e-004    -2.6353271831891675e-006    0.0000000000000000e+000 ; 
    1.4600000000000312e-004    -2.6292219384756856e-006    0.0000000000000000e+000 ; 
    1.4800000000000316e-004    -2.6173600310854725e-006    0.0000000000000000e+000 ; 
    1.5000000000000321e-004    -2.6125589490864086e-006    0.0000000000000000e+000 ; 
    1.5200000000000326e-004    -2.6072621940882179e-006    0.0000000000000000e+000 ; 
    1.5400000000000331e-004    -2.6127729928290492e-006    0.0000000000000000e+000 ; 
    1.5600000000000336e-004    -2.6177481230330564e-006    0.0000000000000000e+000 ; 
    1.5800000000000341e-004    -2.6299488897405785e-006    0.0000000000000000e+000 ; 
    1.6000000000000346e-004    -2.6361332243487487e-006    0.0000000000000000e+000 ; 
    1.6200000000000350e-004    -2.6424659516260467e-006    0.0000000000000000e+000 ; 
    1.6400000000000355e-004    -2.6374501884395833e-006    0.0000000000000000e+000 ; 
    1.6600000000000360e-004    -2.6328581189357068e-006    0.0000000000000000e+000 ; 
    1.6800000000000365e-004    -2.6203283351694478e-006    0.0000000000000000e+000 ; 
    1.7000000000000370e-004    -2.6148946030009264e-006    0.0000000000000000e+000 ; 
    1.7200000000000375e-004    -2.6091846199950009e-006    0.0000000000000000e+000 ; 
    1.7400000000000380e-004    -2.6118683884067876e-006    0.0000000000000000e+000 ; 
    1.7600000000000384e-004    -2.6157635036195202e-006    0.0000000000000000e+000 ; 
    1.7800000000000389e-004    -2.6253575665598154e-006    0.0000000000000000e+000 ; 
