%%%
%%%  JOB TITLE : CILAMCE 2013 TEST: TEST 2 -- COMPRESSIVE PULSE LOAD, 640 ELEMENTS, dt = 2.5e-7
%%%  JOB ID    : {b3c5f724-f5c6-4c2f-a6b4-ba345e82c06e}
%%%  SUBMITED ON : 26 August 2013, 02:57:54
%%%
%%% ------
%%%
%%%  THIS IS STEP  0 : Transient analysis with no hourglass control

cilamce2013_02 = [
    1.9999999999999999e-006    0.0000000000000000e+000    0.0000000000000000e+000 ; 
    4.0000000000000007e-006    0.0000000000000000e+000    0.0000000000000000e+000 ; 
    6.0000000000000018e-006    0.0000000000000000e+000    0.0000000000000000e+000 ; 
    8.0000000000000013e-006    0.0000000000000000e+000    0.0000000000000000e+000 ; 
    9.9999999999999957e-006    0.0000000000000000e+000    0.0000000000000000e+000 ; 
    1.1999999999999990e-005    -5.0542778589720762e-008    -1.6000000000000000e+002 ; 
    1.3999999999999985e-005    -1.5043062677187717e-007    -1.6000000000000000e+002 ; 
    1.5999999999999979e-005    -2.2888771793819422e-007    -1.6000000000000000e+002 ; 
    1.7999999999999973e-005    -3.1874632471110255e-007    -1.6000000000000000e+002 ; 
    1.9999999999999968e-005    -4.1977944748091611e-007    -1.6000000000000000e+002 ; 
    2.1999999999999962e-005    -4.9425186013212999e-007    -1.6000000000000000e+002 ; 
    2.3999999999999957e-005    -5.7260620525488374e-007    -1.6000000000000000e+002 ; 
    2.5999999999999951e-005    -6.6902704110238841e-007    -1.6000000000000000e+002 ; 
    2.7999999999999945e-005    -7.3788721815609437e-007    -1.6000000000000000e+002 ; 
    2.9999999999999940e-005    -7.8970865245405993e-007    -1.6000000000000000e+002 ; 
    3.1999999999999938e-005    -8.6164929853123041e-007    -1.6000000000000000e+002 ; 
    3.3999999999999932e-005    -9.3257022213858555e-007    -1.6000000000000000e+002 ; 
    3.5999999999999926e-005    -1.0031087701424250e-006    -1.6000000000000000e+002 ; 
    3.7999999999999921e-005    -1.1053992924444551e-006    -1.6000000000000000e+002 ; 
    3.9999999999999915e-005    -1.2112267532459406e-006    -1.6000000000000000e+002 ; 
    4.1999999999999910e-005    -1.2942501896300869e-006    -1.6000000000000000e+002 ; 
    4.3999999999999904e-005    -1.3866685518723753e-006    -1.6000000000000000e+002 ; 
    4.5999999999999898e-005    -1.4852205471790042e-006    -1.6000000000000000e+002 ; 
    4.7999999999999893e-005    -1.5617259279787893e-006    -1.6000000000000000e+002 ; 
    4.9999999999999887e-005    -1.6382077264543490e-006    -1.6000000000000000e+002 ; 
    5.1999999999999882e-005    -1.7154238532812003e-006    -1.6000000000000000e+002 ; 
    5.3999999999999876e-005    -1.7605423969627503e-006    -1.6000000000000000e+002 ; 
    5.5999999999999870e-005    -1.8062578827886669e-006    -1.6000000000000000e+002 ; 
    5.7999999999999865e-005    -1.8917473310052604e-006    -1.6000000000000000e+002 ; 
    5.9999999999999859e-005    -1.9832602690042770e-006    -1.6000000000000000e+002 ; 
    6.1999999999999881e-005    -2.0708419141511924e-006    -1.6000000000000000e+002 ; 
    6.3999999999999929e-005    -2.1793242418028672e-006    -1.6000000000000000e+002 ; 
    6.5999999999999978e-005    -2.2775132844594638e-006    -1.6000000000000000e+002 ; 
    6.8000000000000027e-005    -2.3481932329977403e-006    -1.6000000000000000e+002 ; 
    7.0000000000000075e-005    -2.4369575587861428e-006    -1.6000000000000000e+002 ; 
    7.2000000000000124e-005    -2.5374781482397364e-006    -1.6000000000000000e+002 ; 
    7.4000000000000172e-005    -2.6067330547863242e-006    -1.6000000000000000e+002 ; 
    7.6000000000000221e-005    -2.6549667639394703e-006    0.0000000000000000e+000 ; 
    7.8000000000000270e-005    -2.6338434297656619e-006    0.0000000000000000e+000 ; 
    8.0000000000000318e-005    -2.5979358205410991e-006    0.0000000000000000e+000 ; 
    8.2000000000000367e-005    -2.5890555935057588e-006    0.0000000000000000e+000 ; 
    8.4000000000000415e-005    -2.5985097846307288e-006    0.0000000000000000e+000 ; 
    8.6000000000000464e-005    -2.6082730544379808e-006    0.0000000000000000e+000 ; 
    8.8000000000000513e-005    -2.6106053688790025e-006    0.0000000000000000e+000 ; 
    9.0000000000000561e-005    -2.6100469899360998e-006    0.0000000000000000e+000 ; 
    9.2000000000000610e-005    -2.6161379223556068e-006    0.0000000000000000e+000 ; 
    9.4000000000000659e-005    -2.6321276844393101e-006    0.0000000000000000e+000 ; 
    9.6000000000000707e-005    -2.6537523608974796e-006    0.0000000000000000e+000 ; 
    9.8000000000000756e-005    -2.6680894031743199e-006    0.0000000000000000e+000 ; 
    1.0000000000000080e-004    -2.6602595125507377e-006    0.0000000000000000e+000 ; 
    1.0200000000000085e-004    -2.6363572996484334e-006    0.0000000000000000e+000 ; 
    1.0400000000000090e-004    -2.6186393295651464e-006    0.0000000000000000e+000 ; 
    1.0600000000000095e-004    -2.6142528060326334e-006    0.0000000000000000e+000 ; 
    1.0800000000000100e-004    -2.6159663964146130e-006    0.0000000000000000e+000 ; 
    1.1000000000000105e-004    -2.6159766958407038e-006    0.0000000000000000e+000 ; 
    1.1200000000000110e-004    -2.6023256192752340e-006    0.0000000000000000e+000 ; 
    1.1400000000000114e-004    -2.5794643657780758e-006    0.0000000000000000e+000 ; 
    1.1600000000000119e-004    -2.5818741357394700e-006    0.0000000000000000e+000 ; 
    1.1800000000000124e-004    -2.6210924540590807e-006    0.0000000000000000e+000 ; 
    1.2000000000000129e-004    -2.6595202164525487e-006    0.0000000000000000e+000 ; 
    1.2200000000000134e-004    -2.6699990811643250e-006    0.0000000000000000e+000 ; 
    1.2400000000000139e-004    -2.6608407388053617e-006    0.0000000000000000e+000 ; 
    1.2600000000000144e-004    -2.6397649505514839e-006    0.0000000000000000e+000 ; 
    1.2800000000000148e-004    -2.6168304361286647e-006    0.0000000000000000e+000 ; 
    1.3000000000000153e-004    -2.6136056759329697e-006    0.0000000000000000e+000 ; 
    1.3200000000000158e-004    -2.6264945540718700e-006    0.0000000000000000e+000 ; 
    1.3400000000000163e-004    -2.6292886064981434e-006    0.0000000000000000e+000 ; 
    1.3600000000000168e-004    -2.6172320565297132e-006    0.0000000000000000e+000 ; 
    1.3800000000000173e-004    -2.6018999651339043e-006    0.0000000000000000e+000 ; 
    1.4000000000000178e-004    -2.5932198248250570e-006    0.0000000000000000e+000 ; 
    1.4200000000000183e-004    -2.6072437520712584e-006    0.0000000000000000e+000 ; 
    1.4400000000000187e-004    -2.6398576621894964e-006    0.0000000000000000e+000 ; 
    1.4600000000000192e-004    -2.6517587671224884e-006    0.0000000000000000e+000 ; 
    1.4800000000000197e-004    -2.6303937309877041e-006    0.0000000000000000e+000 ; 
    1.5000000000000202e-004    -2.6131833088371437e-006    0.0000000000000000e+000 ; 
    1.5200000000000207e-004    -2.6207664916921065e-006    0.0000000000000000e+000 ; 
    1.5400000000000212e-004    -2.6355263680079553e-006    0.0000000000000000e+000 ; 
    1.5600000000000217e-004    -2.6428249447647346e-006    0.0000000000000000e+000 ; 
    1.5800000000000221e-004    -2.6376232611697953e-006    0.0000000000000000e+000 ; 
    1.6000000000000226e-004    -2.6209324634217206e-006    0.0000000000000000e+000 ; 
    1.6200000000000231e-004    -2.6120420292720890e-006    0.0000000000000000e+000 ; 
    1.6400000000000236e-004    -2.6227745597465425e-006    0.0000000000000000e+000 ; 
    1.6600000000000241e-004    -2.6349512618638202e-006    0.0000000000000000e+000 ; 
    1.6800000000000246e-004    -2.6331522299604082e-006    0.0000000000000000e+000 ; 
    1.7000000000000251e-004    -2.6195978346340514e-006    0.0000000000000000e+000 ; 
    1.7200000000000255e-004    -2.5970877313351533e-006    0.0000000000000000e+000 ; 
    1.7400000000000260e-004    -2.5820172531737267e-006    0.0000000000000000e+000 ; 
    1.7600000000000265e-004    -2.6006279813544141e-006    0.0000000000000000e+000 ; 
    1.7800000000000270e-004    -2.6419515828672090e-006    0.0000000000000000e+000 ; 
