%%%
%%%  JOB TITLE : FINAL TEST: LINEAR TEST 3 -- COMPRESSIVE PULSE LOAD, 5120 ELEMENTS, dt = 1.25e-7
%%%  JOB ID    : {b6d49174-7806-4caa-8e0b-35654c79be0e}
%%%  SUBMITED ON : 18 Febuary 2014, 07:15:25
%%%
%%% ------
%%%
%%%  THIS IS STEP  0 : Transient analysis with no hourglass control

cpu_03 = [
    2.0000000000000003e-006    0.0000000000000000e+000    0.0000000000000000e+000 ; 
    4.0000000000000007e-006    0.0000000000000000e+000    0.0000000000000000e+000 ; 
    5.9999999999999951e-006    0.0000000000000000e+000    0.0000000000000000e+000 ; 
    7.9999999999999895e-006    0.0000000000000000e+000    0.0000000000000000e+000 ; 
    9.9999999999999839e-006    0.0000000000000000e+000    0.0000000000000000e+000 ; 
    1.1999999999999978e-005    -6.8927546492047938e-008    -4.9382716049382715e+001 ; 
    1.3999999999999973e-005    -1.4230025410875153e-007    -4.9382716049382715e+001 ; 
    1.5999999999999969e-005    -2.2987652116103173e-007    -4.9382716049382715e+001 ; 
    1.7999999999999963e-005    -3.1590804208759143e-007    -4.9382716049382715e+001 ; 
    1.9999999999999958e-005    -4.0326142095726395e-007    -4.9382716049382715e+001 ; 
    2.1999999999999952e-005    -4.9484298008781324e-007    -4.9382716049382715e+001 ; 
    2.3999999999999946e-005    -5.7078004494391121e-007    -4.9382716049382715e+001 ; 
    2.5999999999999941e-005    -6.4886298525808747e-007    -4.9382716049382715e+001 ; 
    2.7999999999999935e-005    -7.1809146467244168e-007    -4.9382716049382715e+001 ; 
    2.9999999999999930e-005    -7.8750895743360481e-007    -4.9382716049382715e+001 ; 
    3.1999999999999965e-005    -8.6195686596489036e-007    -4.9382716049382715e+001 ; 
    3.4000000000000013e-005    -9.3487237833500895e-007    -4.9382716049382715e+001 ; 
    3.6000000000000062e-005    -1.0293170925018251e-006    -4.9382716049382715e+001 ; 
    3.8000000000000111e-005    -1.1258674302326428e-006    -4.9382716049382715e+001 ; 
    4.0000000000000159e-005    -1.2125480072664054e-006    -4.9382716049382715e+001 ; 
    4.2000000000000208e-005    -1.3118630464905704e-006    -4.9382716049382715e+001 ; 
    4.4000000000000256e-005    -1.3938481144588277e-006    -4.9382716049382715e+001 ; 
    4.6000000000000305e-005    -1.4631096646556102e-006    -4.9382716049382715e+001 ; 
    4.8000000000000354e-005    -1.5357096776226088e-006    -4.9382716049382715e+001 ; 
    5.0000000000000402e-005    -1.5910442492579808e-006    -4.9382716049382715e+001 ; 
    5.2000000000000451e-005    -1.6605541383144977e-006    -4.9382716049382715e+001 ; 
    5.4000000000000499e-005    -1.7441036540496180e-006    -4.9382716049382715e+001 ; 
    5.6000000000000548e-005    -1.8237812653117078e-006    -4.9382716049382715e+001 ; 
    5.8000000000000597e-005    -1.9197370958362943e-006    -4.9382716049382715e+001 ; 
    6.0000000000000645e-005    -2.0233526243362222e-006    -4.9382716049382715e+001 ; 
    6.2000000000000694e-005    -2.1152807774151570e-006    -4.9382716049382715e+001 ; 
    6.4000000000000742e-005    -2.2026750895107603e-006    -4.9382716049382715e+001 ; 
    6.6000000000000791e-005    -2.2807231564657442e-006    -4.9382716049382715e+001 ; 
    6.8000000000000840e-005    -2.3520318399539044e-006    -4.9382716049382715e+001 ; 
    7.0000000000000888e-005    -2.4127381888701009e-006    -4.9382716049382715e+001 ; 
    7.2000000000000937e-005    -2.4749668962508499e-006    -4.9382716049382715e+001 ; 
    7.4000000000000986e-005    -2.5450349593964000e-006    -4.9382716049382715e+001 ; 
    7.6000000000001034e-005    -2.6055503598724318e-006    0.0000000000000000e+000 ; 
    7.8000000000001083e-005    -2.6164130748340689e-006    0.0000000000000000e+000 ; 
    8.0000000000001131e-005    -2.6222358593507036e-006    0.0000000000000000e+000 ; 
    8.2000000000001180e-005    -2.6473354959861282e-006    0.0000000000000000e+000 ; 
    8.4000000000001229e-005    -2.6524191634483006e-006    0.0000000000000000e+000 ; 
    8.6000000000001277e-005    -2.6413968978274880e-006    0.0000000000000000e+000 ; 
    8.8000000000001326e-005    -2.6325123147775375e-006    0.0000000000000000e+000 ; 
    9.0000000000001374e-005    -2.6189494113508718e-006    0.0000000000000000e+000 ; 
    9.2000000000001423e-005    -2.6102789693544037e-006    0.0000000000000000e+000 ; 
    9.4000000000001472e-005    -2.6099570608052438e-006    0.0000000000000000e+000 ; 
    9.6000000000001520e-005    -2.6094172613200787e-006    0.0000000000000000e+000 ; 
    9.8000000000001569e-005    -2.6239610356552206e-006    0.0000000000000000e+000 ; 
    1.0000000000000162e-004    -2.6327027634232808e-006    0.0000000000000000e+000 ; 
    1.0200000000000167e-004    -2.6303758678767567e-006    0.0000000000000000e+000 ; 
    1.0400000000000171e-004    -2.6333488116897618e-006    0.0000000000000000e+000 ; 
    1.0600000000000176e-004    -2.6318758651026313e-006    0.0000000000000000e+000 ; 
    1.0800000000000181e-004    -2.6265158909194725e-006    0.0000000000000000e+000 ; 
    1.1000000000000186e-004    -2.6207558408215274e-006    0.0000000000000000e+000 ; 
    1.1200000000000191e-004    -2.6170092373229652e-006    0.0000000000000000e+000 ; 
    1.1400000000000196e-004    -2.6212636831897251e-006    0.0000000000000000e+000 ; 
    1.1600000000000201e-004    -2.6237562910300927e-006    0.0000000000000000e+000 ; 
    1.1800000000000206e-004    -2.6255093962374279e-006    0.0000000000000000e+000 ; 
    1.2000000000000210e-004    -2.6256907842719960e-006    0.0000000000000000e+000 ; 
    1.2200000000000215e-004    -2.6264894100696101e-006    0.0000000000000000e+000 ; 
    1.2400000000000198e-004    -2.6318106793002510e-006    0.0000000000000000e+000 ; 
    1.2600000000000182e-004    -2.6207903901612582e-006    0.0000000000000000e+000 ; 
    1.2800000000000165e-004    -2.6220472828588370e-006    0.0000000000000000e+000 ; 
    1.3000000000000148e-004    -2.6268130419550650e-006    0.0000000000000000e+000 ; 
    1.3200000000000131e-004    -2.6182908565393731e-006    0.0000000000000000e+000 ; 
    1.3400000000000114e-004    -2.6266598498084253e-006    0.0000000000000000e+000 ; 
    1.3600000000000097e-004    -2.6255305241227091e-006    0.0000000000000000e+000 ; 
    1.3800000000000081e-004    -2.6262260670427008e-006    0.0000000000000000e+000 ; 
    1.4000000000000064e-004    -2.6328709643948122e-006    0.0000000000000000e+000 ; 
    1.4200000000000047e-004    -2.6203137548415995e-006    0.0000000000000000e+000 ; 
    1.4400000000000030e-004    -2.6229950747612258e-006    0.0000000000000000e+000 ; 
    1.4600000000000013e-004    -2.6260230875684691e-006    0.0000000000000000e+000 ; 
    1.4799999999999997e-004    -2.6199693185180811e-006    0.0000000000000000e+000 ; 
    1.4999999999999980e-004    -2.6226957675899325e-006    0.0000000000000000e+000 ; 
    1.5199999999999963e-004    -2.6217492667587823e-006    0.0000000000000000e+000 ; 
    1.5399999999999946e-004    -2.6286330193829141e-006    0.0000000000000000e+000 ; 
    1.5599999999999929e-004    -2.6287979888083147e-006    0.0000000000000000e+000 ; 
    1.5799999999999912e-004    -2.6248277683192931e-006    0.0000000000000000e+000 ; 
    1.5999999999999896e-004    -2.6293573289506670e-006    0.0000000000000000e+000 ; 
    1.6199999999999879e-004    -2.6227487620723844e-006    0.0000000000000000e+000 ; 
    1.6399999999999862e-004    -2.6258449964223180e-006    0.0000000000000000e+000 ; 
    1.6599999999999845e-004    -2.6214432911567422e-006    0.0000000000000000e+000 ; 
    1.6799999999999828e-004    -2.6177161122825706e-006    0.0000000000000000e+000 ; 
    1.6999999999999811e-004    -2.6301429833171149e-006    0.0000000000000000e+000 ; 
    1.7199999999999795e-004    -2.6198184863567290e-006    0.0000000000000000e+000 ; 
    1.7399999999999778e-004    -2.6240255069854341e-006    0.0000000000000000e+000 ; 
    1.7599999999999761e-004    -2.6304381735761037e-006    0.0000000000000000e+000 ; 
    1.7799999999999744e-004    -2.6248119117040169e-006    0.0000000000000000e+000 ; 
