abaqus_u = [
                  0.                     0.              ;
                 49.999996E-06         878.22516E-09     ;
                 99.999992E-06           6.9068804E-06   ;
                150.E-06                21.756779E-06    ;
                199.99998E-06           47.056393E-06    ;
                250.E-06                83.051323E-06    ;
                300.E-06               129.98581E-06     ;
                350.E-06               189.25511E-06     ;
                399.99997E-06          263.58307E-06     ;
                450.E-06               356.17764E-06     ;
                500.E-06               469.49933E-06     ;
                550.E-06               604.46771E-06     ;
                600.E-06               760.55017E-06     ;
                650.E-06               936.54913E-06     ;
                700.E-06                 1.1314861E-03   ;
                750.E-06                 1.3450315E-03   ;
                799.99994E-06            1.5773287E-03   ;
                850.E-06                 1.8284764E-03   ;
                900.E-06                 2.0980899E-03   ;
                950.E-06                 2.3851812E-03   ;
                  1.E-03                 2.6883326E-03   ;
                  1.05E-03               3.0059636E-03   ;
                  1.1E-03                3.3365376E-03   ;
                  1.15E-03               3.6786892E-03   ;
                  1.2E-03                4.0313463E-03   ;
                  1.25E-03               4.3938656E-03   ;
                  1.3E-03                4.7661171E-03   ;
                  1.35E-03               5.1484127E-03   ;
                  1.4E-03                5.5412569E-03   ;
                  1.4499999E-03          5.9450736E-03   ;
                  1.5E-03                6.3600702E-03   ;
                  1.5500001E-03          6.7863603E-03   ;
                  1.5999999E-03          7.2242317E-03   ;
                  1.65E-03               7.6743565E-03   ;
                  1.7E-03                8.1377544E-03   ;
                  1.75E-03               8.6155214E-03   ;
                  1.8E-03                9.1085415E-03   ;
                  1.85E-03               9.6174145E-03   ;
                  1.9E-03               10.14268E-03     ;
                  1.9499999E-03         10.685168E-03    ;
                  2.E-03                11.246147E-03    ;
                  2.05E-03              11.827103E-03    ;
                  2.0999999E-03         12.429212E-03    ;
                  2.1500001E-03         13.052865E-03    ;
                  2.2E-03               13.697574E-03    ;
                  2.25E-03              14.362338E-03    ;
                  2.3E-03               15.046268E-03    ;
                  2.3499999E-03         15.749044E-03    ;
                  2.4000001E-03         16.470978E-03    ;
                  2.45E-03              17.21266E-03     ;
                  2.5E-03               17.974504E-03    ;
                  2.5500002E-03         18.75646E-03     ;
                  2.5999999E-03         19.557962E-03    ;
                  2.6499999E-03         20.378103E-03    ;
                  2.7E-03               21.21586E-03     ;
                  2.75E-03              22.07029E-03     ;
                  2.8E-03               22.940754E-03    ;
                  2.8500001E-03         23.827108E-03    ;
                  2.8999999E-03         24.729773E-03    ;
                  2.95E-03              25.649578E-03    ;
                  3.E-03                26.587349E-03    ;
                  3.05E-03              27.54348E-03     ;
                  3.1000001E-03         28.517744E-03    ;
                  3.1500001E-03         29.509514E-03    ;
                  3.1999998E-03         30.518263E-03    ;
                  3.25E-03              31.543966E-03    ;
                  3.3E-03               32.587151E-03    ;
                  3.3499999E-03         33.648571E-03    ;
                  3.4000001E-03         34.728806E-03    ;
                  3.45E-03              35.828033E-03    ;
                  3.5E-03               36.946175E-03    ;
                  3.55E-03              38.083126E-03    ;
                  3.5999999E-03         39.238865E-03    ;
                  3.6500001E-03         40.413372E-03    ;
                  3.7E-03               41.606415E-03    ;
                  3.75E-03              42.817516E-03    ;
                  3.8E-03               44.046181E-03    ;
                  3.8499999E-03         45.292133E-03    ;
                  3.8999999E-03         46.555462E-03    ;
                  3.9499998E-03         47.836548E-03    ;
                  4.E-03                49.135818E-03    ;
                  4.0500002E-03         50.453545E-03    ;
                  4.0999999E-03         51.789803E-03    ;
                  4.1500001E-03         53.144527E-03    ;
                  4.1999998E-03         54.517605E-03    ;
                  4.25E-03              55.909023E-03    ;
                  4.3000002E-03         57.319084E-03    ;
                  4.3499999E-03         58.748566E-03    ;
                  4.4000001E-03         60.198734E-03    ;
                  4.4499998E-03         61.67104E-03     ;
                  4.5E-03               63.166687E-03    ;
                  4.5500002E-03         64.686325E-03    ;
                  4.5999999E-03         66.230186E-03    ;
                  4.6500001E-03         67.798424E-03    ;
                  4.6999998E-03         69.391388E-03    ;
                  4.75E-03              71.009621E-03    ;
                  4.8000002E-03         72.653557E-03    ;
                  4.8500004E-03         74.323296E-03    ;
                  4.9000001E-03         76.018661E-03    ;
                  4.9499998E-03         77.739426E-03    ;
                  5.E-03                79.485352E-03    ;
                  5.0499997E-03         81.255173E-03    ;
                  5.1000004E-03         83.043648E-03    ;
                  5.1500001E-03         84.844711E-03    ;
                  5.1999998E-03         86.652863E-03    ;
                  5.25E-03              88.463348E-03    ;
                  5.2999997E-03         90.272148E-03    ;
                  5.3500004E-03         92.07576E-03     ;
                  5.4000001E-03         93.871109E-03    ;
                  5.4500003E-03         95.655579E-03    ;
                  5.5E-03               97.426895E-03    ;
                  5.5499997E-03         99.183205E-03    ;
                  5.5999999E-03        100.92316E-03     ;
                  5.6500001E-03        102.64628E-03     ;
                  5.7000003E-03        104.35317E-03     ;
                  5.75E-03             106.04559E-03     ;
                  5.7999997E-03        107.72612E-03     ;
                  5.8499999E-03        109.39774E-03     ;
                  5.9000001E-03        111.06361E-03     ;
                  5.9500003E-03        112.72682E-03     ;
                  6.E-03               114.39033E-03     ;
                  6.0500002E-03        116.05677E-03     ;
                  6.0999999E-03        117.72839E-03     ;
                  6.1499996E-03        119.40718E-03     ;
                  6.2000003E-03        121.09502E-03     ;
                  6.25E-03             122.79384E-03     ;
                  6.3000002E-03        124.50526E-03     ;
                  6.3499999E-03        126.23036E-03     ;
                  6.3999996E-03        127.96937E-03     ;
                  6.4500003E-03        129.72176E-03     ;
                  6.5E-03              131.48636E-03     ;
                  6.5500002E-03        133.26149E-03     ;
                  6.5999999E-03        135.0451E-03      ;
                  6.6500001E-03        136.83493E-03     ;
                  6.6999998E-03        138.62866E-03     ;
