%%%
%%%  JOB TITLE : NON-LINEAR DYNAMIC EXPLICIT SOLVER TEST SERIES -- TEST 1: RUBBER TENSILE LOAD TEST
%%%  JOB ID    : {4dfb2fc8-6a0f-43ab-a67a-0a55b6b1a7ef}
%%%  SUBMITED ON : 7 Febuary 2014, 16:21:53
%%%
%%% ------
%%%
%%%  THIS IS STEP  0 : Transient analysis with no hourglass control

rubber_test = [
    1.5198056845683841e-005    9.4987855285524007e-003    1.4426055498402024e-009    3.1037587950527335e-004    4.0463101319678906e+001    -5.5933775595622137e-001    -1.6523844354742323e+000 ; 
    3.0396113738010274e-005    1.8997571086256420e-002    1.2207720274634933e-008    1.2523277192733279e-003    8.1329078025103342e+001    7.6370707832029439e+000    -1.5704355302586919e+000 ; 
    4.5594170719222102e-005    2.8496356699513812e-002    4.1711654762060897e-008    2.7975568518373134e-003    1.1977439298723506e+002    2.9784405349062581e+001    -1.4376554196642246e+000 ; 
    6.0101407038289331e-005    3.7563379398930834e-002    9.5502842483760488e-008    4.7938821778852145e-003    1.5325890096197946e+002    6.9491601233523397e+001    -1.2696951229445403e+000 ; 
    7.5299464259440785e-005    4.7062165162150491e-002    1.8648756102846514e-007    7.3745407238968120e-003    1.8417769593279741e+002    1.3521935093514912e+002    -1.0591723503530375e+000 ; 
    9.0497521595738969e-005    5.6560950997336858e-002    3.1992114132430105e-007    1.0387424599225748e-002    2.1028674902021348e+002    2.2899198841168254e+002    -8.2379109500470804e-001 ; 
    1.0500475273206228e-004    6.5627970457538917e-002    4.9243588806021779e-007    1.3597125166705790e-002    2.3047377948774300e+002    3.4630902191511268e+002    -5.8677663776325062e-001 ; 
    1.2020278613424573e-004    7.5126741333903582e-002    7.2516365529999603e-007    1.7234974458996254e-002    2.4669476676365838e+002    4.9842387412409880e+002    -3.3744796644896269e-001 ; 
    1.3540078890816938e-004    8.4625493067605861e-002    1.0147815356260385e-006    2.1081280520239894e-002    2.5819930280462626e+002    6.7886514181688835e+002    -9.9122543528210372e-002 ; 
    1.5059874445025206e-004    9.4124215281407547e-002    1.3639575883135812e-006    2.5068785783784402e-002    2.6558441318803710e+002    8.8451456698090624e+002    1.1671737938740989e-001 ; 
    1.6510581987501689e-004    1.0319113742188554e-001    1.7544098830074781e-006    2.8954850702535360e-002    2.6954192805637513e+002    1.1002770338137343e+003    2.9246371817862382e-001 ; 
    1.8030361531780589e-004    1.1268975957362869e-001    2.2242623197536584e-006    3.3068299216678115e-002    2.7138900595564922e+002    1.3415103044753196e+003    4.3690783213969553e-001 ; 
    1.9550128322256121e-004    1.2218830201410076e-001    2.7567685325474956e-006    3.7198063534304875e-002    2.7193356141575600e+002    1.5923826088837232e+003    5.3488454161561094e-001 ; 
    2.1000799383691111e-004    1.3125499614806943e-001    3.3236494286850302e-006    4.1144874534260280e-002    2.7223080751735631e+002    1.8351393763282467e+003    5.8192461152793840e-001 ; 
    2.2520529654801468e-004    1.4075331034250918e-001    3.9789777700363961e-006    4.5288922719011769e-002    2.7329152033141258e+002    2.0871103045126147e+003    5.8184926025569439e-001 ; 
    2.4040234294197006e-004    1.5025146433873127e-001    4.6974441362167855e-006    4.9461069243176212e-002    2.7599768744344942e+002    2.3313230547154380e+003    5.3328504639648600e-001 ; 
    2.5559908007812611e-004    1.5974942504882883e-001    5.4796810592478463e-006    5.3692176459330963e-002    2.8105446884879370e+002    2.5632463822971768e+003    4.4085923909005942e-001 ; 
    2.7010471613154915e-004    1.6881544758221820e-001    6.2869182400563184e-006    5.7822431694725805e-002    2.8850989723215861e+002    2.7700762034097788e+003    3.1808059436298208e-001 ; 
    2.8530068299887333e-004    1.7831292687429584e-001    7.1977672267241084e-006    6.2288326921387645e-002    2.9928223778999416e+002    2.9695747217754179e+003    1.6173927728959825e-001 ; 
    3.0049616578206221e-004    1.8781010361378889e-001    8.1777509095471684e-006    6.6941682061565186e-002    3.1303635986025535e+002    3.1509219649066799e+003    -1.2921827328682411e-002 ; 
    3.1500043658589408e-004    1.9687527286618378e-001    9.1805776935184969e-006    7.1598111749009555e-002    3.2866925096397011e+002    3.3078455063941656e+003    -1.8663334572920576e-001 ; 
    3.3019479546638717e-004    2.0637174716649198e-001    1.0305372344924318e-005    7.6736563676454927e-002    3.4716054656004053e+002    3.4573333174360741e+003    -3.6516831134213135e-001 ; 
    3.4538848976224586e-004    2.1586780610140366e-001    1.1510289215948269e-005    8.2168346815308921e-002    3.6711399889383625e+002    3.5947477451240775e+003    -5.2956918296695221e-001 ; 
    3.6058146104268543e-004    2.2536341315167840e-001    1.2799902435302503e-005    8.7909093903839428e-002    3.8769147602677367e+002    3.7241618018649606e+003    -6.7007852182723582e-001 ; 
    3.7508311674845656e-004    2.3442694796778535e-001    1.4114237749197405e-005    9.3679380937571957e-002    4.0708800905061457e+002    3.8444603242217345e+003    -7.7435701763170073e-001 ; 
    3.9027451562316604e-004    2.4392157226447875e-001    1.5582948736821114e-005    1.0001805906316395e-001    4.2628790179459747e+002    3.9717166680281152e+003    -8.4631154969247291e-001 ; 
    4.0546503411224984e-004    2.5341564632015612e-001    1.7149906495345294e-005    1.0663343316717803e-001    4.4352692402850948e+002    4.1048088608641556e+003    -8.7619459850247949e-001 ; 
    4.2065462474301325e-004    2.6290914046438330e-001    1.8819052702522275e-005    1.1348991880179041e-001    4.5810620511631737e+002    4.2479206362225523e+003    -8.6250119047326734e-001 ; 
    4.3515287283395286e-004    2.7197054552122052e-001    2.0510721428854442e-005    1.2021855017424420e-001    4.6906096197577762e+002    4.3970435662793607e+003    -8.0970730725675821e-001 ; 
    4.5034052335404763e-004    2.8146282709627979e-001    2.2388541517600716e-005    1.2741107005249722e-001    4.7713262744563838e+002    4.5687927958726214e+003    -7.1608286955597578e-001 ; 
    4.6552712116300875e-004    2.9095445072688048e-001    2.4376209141628046e-005    1.3469730500826110e-001    4.8163519170012705e+002    4.7578381363840017e+003    -5.8877584183210274e-001 ; 
    4.8002240200745177e-004    3.0001400125465738e-001    2.6376938485631428e-005    1.4169068134166257e-001    4.8273089630133597e+002    4.9547186940550819e+003    -4.4265229607844958e-001 ; 
    4.9520683352684096e-004    3.0950427095427557e-001    2.8581508120520062e-005    1.4900944396958959e-001    4.8086080577917613e+002    5.1774418105941368e+003    -2.7226737094315467e-001 ; 
    5.1039010366804984e-004    3.1899381479253114e-001    3.0896717899222088e-005    1.5627811740868491e-001    4.7642400995111694e+002    5.4152900669344817e+003    -9.3685439926048275e-002 ; 
    5.2557217783040999e-004    3.2848261114400623e-001    3.3321526847438575e-005    1.6346285916058328e-001    4.7008515949841052e+002    5.6657126138747335e+003    8.3157805951486807e-002 ; 
    5.4006301099244537e-004    3.3753938187027832e-001    3.5737002029677994e-005    1.7022146040219596e-001    4.6294616869598548e+002    5.9136161262870955e+003    2.4148481021256885e-001 ; 
    5.5524265075435422e-004    3.4702665672147137e-001    3.8371513187342409e-005    1.7718636082226283e-001    4.5506859825616573e+002    6.1793161179497838e+003    3.8792040841508424e-001 ; 
    5.7042099721216211e-004    3.5651312325760132e-001    4.1110650440323399e-005    1.8403272304810769e-001    4.4750701204033925e+002    6.4477516397640211e+003    5.0716281721543055e-001 ; 
    5.8559801953540021e-004    3.6599876220962513e-001    4.3952651672774935e-005    1.9077061097110687e-001    4.4090609005693244e+002    6.7157197318620820e+003    5.9357098428154131e-001 ; 
