abaqus_sigma = [
                  0.                     0.                   ;
                  2.E-06                 0.                   ;
                  4.E-06                 0.                   ;
                  6.E-06                 8.7941065E-06        ;
                  8.E-06               672.20892E-06          ;
                 10.E-06                11.461377E-03         ;
                 12.E-06               100.65717E-03          ;
                 14.E-06               591.96436E-03          ;
                 16.E-06                 2.6445494            ;
                 18.000002E-06           9.6470766            ;
                 20.E-06                30.084293             ;
                 22.E-06                82.737564             ;
                 24.E-06               205.17297              ;
                 26.E-06               466.35657              ;
                 28.E-06               983.83252              ;
                 30.E-06                 1.9451631E+03        ;
                 32.E-06                 3.6322813E+03        ;
                 34.E-06                 6.446147E+03         ;
                 36.000004E-06          10.927808E+03         ;
                 38.E-06                17.770893E+03         ;
                 40.E-06                27.820007E+03         ;
                 42.E-06                42.049671E+03         ;
                 44.E-06                61.519608E+03         ;
                 46.E-06                87.304375E+03         ;
                 48.E-06               120.3984E+03           ;
                 49.999996E-06         161.60136E+03          ;
                 52.E-06               211.39265E+03          ;
                 54.E-06               269.80765E+03          ;
                 56.E-06               336.33072E+03          ;
                 58.000004E-06         409.82123E+03          ;
                 60.E-06               488.48816E+03          ;
                 62.E-06               569.92505E+03          ;
                 64.E-06               651.21198E+03          ;
                 66.E-06               729.08459E+03          ;
                 68.E-06               800.1615E+03           ;
                 70.E-06               861.21228E+03          ;
                 72.000008E-06         909.4436E+03           ;
                 74.E-06               942.7738E+03           ;
                 76.E-06               960.06396E+03          ;
                 77.999992E-06         961.27759E+03          ;
                 80.E-06               947.54456E+03          ;
                 82.E-06               921.11432E+03          ;
                 84.E-06               885.19507E+03          ;
                 86.E-06               843.68976E+03          ;
                 88.E-06               800.85034E+03          ;
                 90.E-06               760.88489E+03          ;
                 92.E-06               727.55792E+03          ;
                 94.000008E-06         703.82819E+03          ;
                 96.E-06               691.56519E+03          ;
                 98.E-06               691.3797E+03           ;
                 99.999992E-06         702.58832E+03          ;
                102.E-06               723.3208E+03           ;
                104.E-06               750.75854E+03          ;
                106.E-06               781.47925E+03          ;
                108.E-06               811.86877E+03          ;
                110.E-06               838.55109E+03          ;
                112.E-06               858.78772E+03          ;
                114.E-06               870.7973E+03           ;
                116.00001E-06          873.95856E+03          ;
                117.99999E-06          868.87329E+03          ;
                120.E-06               857.28235E+03          ;
                121.99999E-06          841.8468E+03           ;
                124.E-06               825.82361E+03          ;
                126.E-06               812.67706E+03          ;
                128.E-06               805.67542E+03          ;
                130.E-06               807.52356E+03          ;
                132.E-06               820.07611E+03          ;
                134.E-06               844.16504E+03          ;
                136.E-06               879.55975E+03          ;
                138.E-06               925.05884E+03          ;
                140.E-06               978.69666E+03          ;
                142.E-06                 1.0380317E+06        ;
                144.00002E-06            1.1004736E+06        ;
                146.00002E-06            1.163602E+06         ;
                148.E-06                 1.2254325E+06        ;
                149.99998E-06            1.2845949E+06        ;
                152.E-06                 1.3403997E+06        ;
                154.E-06                 1.3927904E+06        ;
                155.99998E-06            1.4421909E+06        ;
                158.E-06                 1.4892777E+06        ;
                160.E-06                 1.5347158E+06        ;
                162.E-06                 1.5789001E+06        ;
                164.E-06                 1.6217492E+06        ;
                166.E-06                 1.6625847E+06        ;
                168.E-06                 1.7001218E+06        ;
                170.E-06                 1.7325742E+06        ;
                172.E-06                 1.7578661E+06        ;
                174.E-06                 1.7739211E+06        ;
                176.E-06                 1.7789891E+06        ;
                178.E-06                 1.7719644E+06        ;
                180.E-06                 1.7526462E+06        ;
                182.E-06                 1.7219015E+06        ;
                184.E-06                 1.6817001E+06        ;
                186.E-06                 1.6350108E+06        ;
                188.00002E-06            1.5855638E+06        ;
                190.00002E-06            1.5375031E+06        ;
                192.E-06                 1.4949727E+06        ;
                193.99998E-06            1.4616791E+06        ;
                196.E-06                 1.4404919E+06        ;
                198.E-06                 1.4331261E+06        ;
                199.99998E-06            1.4399486E+06        ;
                201.99998E-06            1.4599358E+06        ;
                204.E-06                 1.490785E+06         ;
                206.E-06                 1.5291706E+06        ;
                208.E-06                 1.5711117E+06        ;
                210.E-06                 1.6124107E+06        ;
                212.E-06                 1.6491079E+06        ;
                214.E-06                 1.6779029E+06        ;
                216.E-06                 1.6964917E+06        ;
                218.E-06                 1.7037847E+06        ;
                220.E-06                 1.6999841E+06        ;
                222.E-06                 1.6865178E+06        ;
                224.E-06                 1.6658405E+06        ;
                226.00002E-06            1.6411324E+06        ;
                228.E-06                 1.6159354E+06        ;
                230.E-06                 1.5937687E+06        ;
                232.00002E-06            1.5777712E+06        ;
                234.00002E-06            1.5704086E+06        ;
                235.99998E-06            1.5732731E+06        ;
                237.99998E-06            1.5869935E+06        ;
                240.E-06                 1.6112564E+06        ;
                242.E-06                 1.6449291E+06        ;
                243.99998E-06            1.6862588E+06        ;
                246.E-06                 1.733121E+06         ;
