abaqus_a = [
                  0.                     0.                   ;
                  2.E-06                 0.                   ;
                  4.E-06                 0.                   ;
                  6.E-06                 0.                   ;
                  8.E-06                 0.                   ;
                 10.E-06                 0.                   ;
                 12.E-06                 0.                   ;
                 14.E-06                 0.                   ;
                 16.E-06                 0.                   ;
                 18.000002E-06           0.                   ;
                 20.E-06                 0.                   ;
                 22.E-06                 0.                   ;
                 24.E-06                 0.                   ;
                 26.E-06                 0.                   ;
                 28.E-06                 0.                   ;
                 30.E-06                 0.                   ;
                 32.E-06                 0.                   ;
                 34.E-06                 0.                   ;
                 36.000004E-06           0.                   ;
                 38.E-06                 0.                   ;
                 40.E-06                 0.                   ;
                 42.E-06                 0.                   ;
                 44.E-06                 0.                   ;
                 46.E-06                 0.                   ;
                 48.E-06                 0.                   ;
                 49.999996E-06           0.                   ;
                 52.E-06                 0.                   ;
                 54.E-06                 0.                   ;
                 56.E-06                 0.                   ;
                 58.000004E-06           0.                   ;
                 60.E-06                 0.                   ;
                 62.E-06                 0.                   ;
                 64.E-06                 0.                   ;
                 66.E-06                 0.                   ;
                 68.E-06                 0.                   ;
                 70.E-06                 0.                   ;
                 72.000008E-06           0.                   ;
                 74.E-06                 0.                   ;
                 76.E-06                 0.                   ;
                 77.999992E-06           0.                   ;
                 80.E-06                 0.                   ;
                 82.E-06                 0.                   ;
                 84.E-06                 0.                   ;
                 86.E-06                 0.                   ;
                 88.E-06                 0.                   ;
                 90.E-06                 0.                   ;
                 92.E-06                 0.                   ;
                 94.000008E-06           0.                   ;
                 96.E-06                 0.                   ;
                 98.E-06                 0.                   ;
                 99.999992E-06           0.                   ;
                102.E-06                 0.                   ;
                104.E-06                 0.                   ;
                106.E-06                 0.                   ;
                108.E-06                 0.                   ;
                110.E-06                 0.                   ;
                112.E-06                 0.                   ;
                114.E-06                 0.                   ;
                116.00001E-06            0.                   ;
                117.99999E-06            0.                   ;
                120.E-06                 0.                   ;
                121.99999E-06            0.                   ;
                124.E-06                 0.                   ;
                126.E-06                 0.                   ;
                128.E-06                 0.                   ;
                130.E-06                 0.                   ;
                132.E-06                 0.                   ;
                134.E-06                 0.                   ;
                136.E-06                 0.                   ;
                138.E-06                 0.                   ;
                140.E-06                 0.                   ;
                142.E-06                 0.                   ;
                144.00002E-06            0.                   ;
                146.00002E-06            0.                   ;
                148.E-06                 0.                   ;
                149.99998E-06            0.                   ;
                152.E-06                 0.                   ;
                154.E-06                 0.                   ;
                155.99998E-06            0.                   ;
                158.E-06                 0.                   ;
                160.E-06                 0.                   ;
                162.E-06                 0.                   ;
                164.E-06                 0.                   ;
                166.E-06                 0.                   ;
                168.E-06                 0.                   ;
                170.E-06                 0.                   ;
                172.E-06                 0.                   ;
                174.E-06                 0.                   ;
                176.E-06                 0.                   ;
                178.E-06                 0.                   ;
                180.E-06                 0.                   ;
                182.E-06                 0.                   ;
                184.E-06                 0.                   ;
                186.E-06                 0.                   ;
                188.00002E-06            0.                   ;
                190.00002E-06            0.                   ;
                192.E-06                 0.                   ;
                193.99998E-06            0.                   ;
                196.E-06                 0.                   ;
                198.E-06                 0.                   ;
                199.99998E-06            0.                   ;
                201.99998E-06            0.                   ;
                204.E-06                 0.                   ;
                206.E-06                 0.                   ;
                208.E-06                 0.                   ;
                210.E-06                 0.                   ;
                212.E-06                 0.                   ;
                214.E-06                 0.                   ;
                216.E-06                 0.                   ;
                218.E-06                 0.                   ;
                220.E-06                 0.                   ;
                222.E-06                 0.                   ;
                224.E-06                 0.                   ;
                226.00002E-06            0.                   ;
                228.E-06                 0.                   ;
                230.E-06                 0.                   ;
                232.00002E-06            0.                   ;
                234.00002E-06            0.                   ;
                235.99998E-06            0.                   ;
                237.99998E-06            0.                   ;
                240.E-06                 0.                   ;
                242.E-06                 0.                   ;
                243.99998E-06            0.                   ;
                246.E-06                 0.                   ;
