abaqus_u = [
                  0.                     0.                   ;
                  2.E-06                39.999996E-09         ;
                  4.E-06                79.999992E-09         ;
                  6.E-06               120.E-09               ;
                  8.E-06               160.E-09               ;
                 10.E-06               200.E-09               ;
                 12.E-06               240.E-09               ;
                 14.E-06               279.99997E-09          ;
                 16.E-06               319.99994E-09          ;
                 18.000002E-06         359.99994E-09          ;
                 20.E-06               399.99991E-09          ;
                 22.E-06               439.99985E-09          ;
                 24.E-06               479.99988E-09          ;
                 26.E-06               519.99988E-09          ;
                 28.E-06               559.99994E-09          ;
                 30.E-06               599.99994E-09          ;
                 32.E-06               640.E-09               ;
                 34.E-06               680.00006E-09          ;
                 36.000004E-06         720.00006E-09          ;
                 38.E-06               760.00012E-09          ;
                 40.E-06               800.00006E-09          ;
                 42.E-06               840.00012E-09          ;
                 44.E-06               880.00018E-09          ;
                 46.E-06               920.00018E-09          ;
                 48.E-06               960.00024E-09          ;
                 49.999996E-06           1.0000002E-06        ;
                 52.E-06                 1.0400002E-06        ;
                 54.E-06                 1.0800003E-06        ;
                 56.E-06                 1.1200002E-06        ;
                 58.000004E-06           1.1600003E-06        ;
                 60.E-06                 1.2000004E-06        ;
                 62.E-06                 1.2400004E-06        ;
                 64.E-06                 1.2800004E-06        ;
                 66.E-06                 1.3200005E-06        ;
                 68.E-06                 1.3600005E-06        ;
                 70.E-06                 1.4000006E-06        ;
                 72.000008E-06           1.4400007E-06        ;
                 74.E-06                 1.4800006E-06        ;
                 76.E-06                 1.5200006E-06        ;
                 77.999992E-06           1.5600007E-06        ;
                 80.E-06                 1.6000006E-06        ;
                 82.E-06                 1.6400007E-06        ;
                 84.E-06                 1.6800008E-06        ;
                 86.E-06                 1.7200007E-06        ;
                 88.E-06                 1.7600008E-06        ;
                 90.E-06                 1.8000009E-06        ;
                 92.E-06                 1.8400009E-06        ;
                 94.000008E-06           1.8800009E-06        ;
                 96.E-06                 1.9200009E-06        ;
                 98.E-06                 1.960001E-06         ;
                 99.999992E-06           2.0000007E-06        ;
                102.E-06                 2.0400009E-06        ;
                104.E-06                 2.0800009E-06        ;
                106.E-06                 2.1200011E-06        ;
                108.E-06                 2.160001E-06         ;
                110.E-06                 2.2000012E-06        ;
                112.E-06                 2.240001E-06         ;
                114.E-06                 2.2800012E-06        ;
                116.00001E-06            2.3200011E-06        ;
                117.99999E-06            2.3600011E-06        ;
                120.E-06                 2.4000013E-06        ;
                121.99999E-06            2.4400012E-06        ;
                124.E-06                 2.4800012E-06        ;
                126.E-06                 2.5200012E-06        ;
                128.E-06                 2.5600014E-06        ;
                130.E-06                 2.6000013E-06        ;
                132.E-06                 2.6400015E-06        ;
                134.E-06                 2.6800015E-06        ;
                136.E-06                 2.7200015E-06        ;
                138.E-06                 2.7600014E-06        ;
                140.E-06                 2.8000016E-06        ;
                142.E-06                 2.8400016E-06        ;
                144.00002E-06            2.8800018E-06        ;
                146.00002E-06            2.9200017E-06        ;
                148.E-06                 2.9600015E-06        ;
                149.99998E-06            3.0000017E-06        ;
                152.E-06                 3.0400016E-06        ;
                154.E-06                 3.0800018E-06        ;
                155.99998E-06            3.1200018E-06        ;
                158.E-06                 3.1600018E-06        ;
                160.E-06                 3.2000017E-06        ;
                162.E-06                 3.2400019E-06        ;
                164.E-06                 3.2800019E-06        ;
                166.E-06                 3.3200021E-06        ;
                168.E-06                 3.360002E-06         ;
                170.E-06                 3.400002E-06         ;
                172.E-06                 3.440002E-06         ;
                174.E-06                 3.4800022E-06        ;
                176.E-06                 3.5200021E-06        ;
                178.E-06                 3.5600021E-06        ;
                180.E-06                 3.6000023E-06        ;
                182.E-06                 3.640002E-06         ;
                184.E-06                 3.6800022E-06        ;
                186.E-06                 3.7200022E-06        ;
                188.00002E-06            3.7600024E-06        ;
                190.00002E-06            3.8000023E-06        ;
                192.E-06                 3.8400023E-06        ;
                193.99998E-06            3.8800015E-06        ;
                196.E-06                 3.9200015E-06        ;
                198.E-06                 3.9600008E-06        ;
                199.99998E-06            4.0000005E-06        ;
                201.99998E-06            4.04E-06             ;
                204.E-06                 4.0799994E-06        ;
                206.E-06                 4.1199994E-06        ;
                208.E-06                 4.1599984E-06        ;
                210.E-06                 4.1999984E-06        ;
                212.E-06                 4.2399979E-06        ;
                214.E-06                 4.2799978E-06        ;
                216.E-06                 4.3199968E-06        ;
                218.E-06                 4.3599963E-06        ;
                220.E-06                 4.3999963E-06        ;
                222.E-06                 4.4399958E-06        ;
                224.E-06                 4.4799953E-06        ;
                226.00002E-06            4.5199947E-06        ;
                228.E-06                 4.5599947E-06        ;
                230.E-06                 4.5999942E-06        ;
                232.00002E-06            4.6399937E-06        ;
                234.00002E-06            4.6799932E-06        ;
                235.99998E-06            4.7199926E-06        ;
                237.99998E-06            4.7599926E-06        ;
                240.E-06                 4.7999916E-06        ;
                242.E-06                 4.8399916E-06        ;
                243.99998E-06            4.8799911E-06        ;
                246.E-06                 4.919991E-06         ;
