abaqus_v_midnodes = [
                  0.                     0.                     ;
                  2.E-06                 0.                     ;
                  4.E-06                 0.                     ;
                  6.E-06                13.079133E-12           ;
                  8.E-06               375.4082E-12             ;
                 10.E-06                 4.1524572E-09          ;
                 12.E-06                27.515141E-09           ;
                 14.E-06               131.00514E-09            ;
                 16.E-06               493.50351E-09            ;
                 18.000002E-06           1.5588164E-06          ;
                 20.E-06                 4.2884164E-06          ;
                 22.E-06                10.549203E-06           ;
                 24.E-06                23.649252E-06           ;
                 26.E-06                49.00658E-06            ;
                 28.E-06                94.897812E-06           ;
                 30.E-06               173.19019E-06            ;
                 32.E-06               299.91974E-06            ;
                 34.E-06               495.5491E-06             ;
                 36.000004E-06         784.73132E-06            ;
                 38.E-06                 1.195426E-03           ;
                 40.E-06                 1.7572696E-03          ;
                 42.E-06                 2.4991872E-03          ;
                 44.E-06                 3.4463413E-03          ;
                 46.E-06                 4.616642E-03           ;
                 48.E-06                 6.0171423E-03          ;
                 49.999996E-06           7.6407676E-03          ;
                 52.E-06                 9.4638205E-03          ;
                 54.E-06                11.444766E-03           ;
                 56.E-06                13.524631E-03           ;
                 58.000004E-06          15.629299E-03           ;
                 60.E-06                17.673714E-03           ;
                 62.E-06                19.567797E-03           ;
                 64.E-06                21.223642E-03           ;
                 66.E-06                22.563343E-03           ;
                 68.E-06                23.526644E-03           ;
                 70.E-06                24.07752E-03            ;
                 72.000008E-06          24.208904E-03           ;
                 74.E-06                23.944826E-03           ;
                 76.E-06                23.339542E-03           ;
                 77.999992E-06          22.473551E-03           ;
                 80.E-06                21.44676E-03            ;
                 82.E-06                20.369358E-03           ;
                 84.E-06                19.351357E-03           ;
                 86.E-06                18.491894E-03           ;
                 88.E-06                17.869513E-03           ;
                 90.E-06                17.534525E-03           ;
                 92.E-06                17.504381E-03           ;
                 94.000008E-06          17.762661E-03           ;
                 96.E-06                18.261806E-03           ;
                 98.E-06                18.929333E-03           ;
                 99.999992E-06          19.676807E-03           ;
                102.E-06                20.410522E-03           ;
                104.E-06                21.042564E-03           ;
                106.E-06                21.500969E-03           ;
                108.E-06                21.737698E-03           ;
                110.E-06                21.733498E-03           ;
                112.E-06                21.499039E-03           ;
                114.E-06                21.072266E-03           ;
                116.00001E-06           20.512333E-03           ;
                117.99999E-06           19.890944E-03           ;
                120.E-06                19.282236E-03           ;
                121.99999E-06           18.752552E-03           ;
                124.E-06                18.351418E-03           ;
                126.E-06                18.104849E-03           ;
                128.E-06                18.01189E-03            ;
                130.E-06                18.044687E-03           ;
                132.E-06                18.152113E-03           ;
                134.E-06                18.266314E-03           ;
                136.E-06                18.311356E-03           ;
                138.E-06                18.212708E-03           ;
                140.E-06                17.906376E-03           ;
                142.E-06                17.346474E-03           ;
                144.00002E-06           16.510332E-03           ;
                146.00002E-06           15.400556E-03           ;
                148.E-06                14.043922E-03           ;
                149.99998E-06           12.4874E-03             ;
                152.E-06                10.791991E-03           ;
                154.E-06                 9.0253429E-03          ;
                155.99998E-06            7.2542257E-03          ;
                158.E-06                 5.5379019E-03          ;
                160.E-06                 3.9232798E-03          ;
                162.E-06                 2.4423845E-03          ;
                164.E-06                 1.1123388E-03          ;
                166.E-06               -62.369041E-06           ;
                168.E-06                -1.0858933E-03          ;
                170.E-06                -1.966141E-03           ;
                172.E-06                -2.7099168E-03          ;
                174.E-06                -3.3190157E-03          ;
                176.E-06                -3.7879894E-03          ;
                178.E-06                -4.1040354E-03          ;
                180.E-06                -4.2490702E-03          ;
                182.E-06                -4.2036982E-03          ;
                184.E-06                -3.9524269E-03          ;
                186.E-06                -3.4892495E-03          ;
                188.00002E-06           -2.8226154E-03          ;
                190.00002E-06           -1.9788468E-03          ;
                192.E-06                -1.0032629E-03          ;
                193.99998E-06           41.425434E-06           ;
                196.E-06                 1.0794723E-03          ;
                198.E-06                 2.0288401E-03          ;
                199.99998E-06            2.8095694E-03          ;
                201.99998E-06            3.3527515E-03          ;
                204.E-06                 3.6089396E-03          ;
                206.E-06                 3.5548508E-03          ;
                208.E-06                 3.197397E-03           ;
                210.E-06                 2.5743983E-03          ;
                212.E-06                 1.7517542E-03          ;
                214.E-06               817.29694E-06            ;
                216.E-06              -128.01416E-06            ;
                218.E-06              -980.53986E-06            ;
                220.E-06                -1.6448183E-03          ;
                222.E-06                -2.0435288E-03          ;
                224.E-06                -2.1253612E-03          ;
                226.00002E-06           -1.8698621E-03          ;
                228.E-06                -1.2886871E-03          ;
                230.E-06              -423.14975E-06            ;
                232.00002E-06          661.59131E-06            ;
                234.00002E-06            1.8849485E-03          ;
                235.99998E-06            3.1608691E-03          ;
                237.99998E-06            4.4081092E-03          ;
