abaqus_a_midnodes = [
                  0.                     0.                     ;
                  2.E-06                 0.                     ;
                  4.E-06                 0.                     ;
                  6.E-06                21.761213E-06           ;
                  8.E-06               466.40662E-06            ;
                 10.E-06                 4.1038179E-03          ;
                 12.E-06                22.502306E-03           ;
                 14.E-06                91.065315E-03           ;
                 16.E-06               297.23413E-03            ;
                 18.000002E-06         825.15985E-03            ;
                 20.E-06                 2.0169199              ;
                 22.E-06                 4.445333               ;
                 24.E-06                 8.9873762              ;
                 26.E-06                16.881357               ;
                 28.E-06                29.746849               ;
                 30.E-06                49.54554                ;
                 32.E-06                78.464584               ;
                 34.E-06               118.71243                ;
                 36.000004E-06         172.23001                ;
                 38.E-06               240.33569                ;
                 40.E-06               323.33978                ;
                 42.E-06               420.17807                ;
                 44.E-06               528.12433                ;
                 46.E-06               642.64301                ;
                 48.E-06               757.43561                ;
                 49.999996E-06         864.7179                 ;
                 52.E-06               955.73688                ;
                 54.E-06                 1.0215045E+03          ;
                 56.E-06                 1.0536947E+03          ;
                 58.000004E-06           1.0456111E+03          ;
                 60.E-06               993.11768                ;
                 62.E-06               895.40918                ;
                 64.E-06               755.50659                ;
                 66.E-06               580.37811                ;
                 68.E-06               380.63379                ;
                 70.E-06               169.78476                ;
                 72.000008E-06         -36.889923               ;
                 74.E-06              -223.7659                 ;
                 76.E-06              -376.43457                ;
                 77.999992E-06        -483.23816                ;
                 80.E-06              -536.58136                ;
                 82.E-06              -533.85968                ;
                 84.E-06              -477.86905                ;
                 86.E-06              -376.62354                ;
                 88.E-06              -242.57524                ;
                 90.E-06               -91.314186               ;
                 92.E-06                60.123154               ;
                 94.000008E-06         195.13557                ;
                 96.E-06               299.40768                ;
                 98.E-06               362.50705                ;
                 99.999992E-06         379.0249                 ;
                102.E-06               349.11557                ;
                104.E-06               278.36533                ;
                106.E-06               176.99814                ;
                108.E-06                58.519726               ;
                110.E-06               -62.031864               ;
                112.E-06              -170.00856                ;
                114.E-06              -252.99969                ;
                116.00001E-06         -302.37158                ;
                117.99999E-06         -314.30307                ;
                120.E-06              -290.18619                ;
                121.99999E-06         -236.3475                 ;
                124.E-06              -163.13431                ;
                126.E-06               -83.493469               ;
                128.E-06               -11.235319               ;
                130.E-06                40.785477               ;
                132.E-06                62.328068               ;
                134.E-06                47.0509                 ;
                136.E-06                -6.7403955              ;
                138.E-06               -95.967094               ;
                140.E-06              -213.27327                ;
                142.E-06              -348.06128                ;
                144.00002E-06         -487.90875                ;
                146.00002E-06         -620.16168                ;
                148.E-06              -733.48694                ;
                149.99998E-06         -819.16394                ;
                152.E-06              -871.95728                ;
                154.E-06              -890.46393                ;
                155.99998E-06         -876.91101                ;
                158.E-06              -836.46112                ;
                160.E-06              -776.15961                ;
                162.E-06              -703.68402                ;
                164.E-06              -626.11334                ;
                166.E-06              -548.89349                ;
                168.E-06              -475.16391                ;
                170.E-06              -405.54062                ;
                172.E-06              -338.36581                ;
                174.E-06              -270.39359                ;
                176.E-06              -197.76372                ;
                178.E-06              -117.12031                ;
                180.E-06               -26.660526               ;
                182.E-06                73.045876               ;
                184.E-06               178.64101                ;
                186.E-06               284.03586                ;
                188.00002E-06          380.96234                ;
                190.00002E-06          459.9614                 ;
                192.E-06               511.66919                ;
                193.99998E-06          528.2312                 ;
                196.E-06               504.62152                ;
                198.E-06               439.67725                ;
                199.99998E-06          336.67792                ;
                201.99998E-06          203.36011                ;
                204.E-06                51.340809               ;
                206.E-06              -105.00323                ;
                208.E-06              -250.06442                ;
                210.E-06              -368.76663                ;
                212.E-06              -448.31778                ;
                214.E-06              -479.74643                ;
                216.E-06              -459.00076                ;
                218.E-06              -387.47931                ;
                220.E-06              -271.90433                ;
                222.E-06              -123.56039                ;
                224.E-06                43.016518               ;
                226.00002E-06          211.73465                ;
                228.E-06               366.81201                ;
                230.E-06               494.58594                ;
                232.00002E-06          585.039                  ;
                234.00002E-06          632.85846                ;
                235.99998E-06          637.90997                ;
                237.99998E-06          605.07831                ;
