abaqus_u_midnodes = [
                  0.                     0.                       ;
                  2.E-06                 0.                       ;
                  4.E-06                 0.                       ;
                  6.E-06                 2.1985266E-18            ;
                  8.E-06               168.36317E-18              ;
                 10.E-06                 2.8775222E-15            ;
                 12.E-06                25.345879E-15             ;
                 14.E-06               149.58467E-15              ;
                 16.E-06               671.00903E-15              ;
                 18.000002E-06           2.4593658E-12            ;
                 20.E-06                 7.7107182E-12            ;
                 22.E-06                21.334131E-12             ;
                 24.E-06                53.261562E-12             ;
                 26.E-06               121.9704E-12               ;
                 28.E-06               259.44208E-12              ;
                 30.E-06               517.63068E-12              ;
                 32.E-06               976.28107E-12              ;
                 34.E-06                 1.751626E-09             ;
                 36.000004E-06           3.0051477E-09            ;
                 38.E-06                 4.951252E-09             ;
                 40.E-06                 7.8624458E-09            ;
                 42.E-06                12.070483E-09             ;
                 44.E-06                17.962038E-09             ;
                 46.E-06                25.967762E-09             ;
                 48.E-06                36.544151E-09             ;
                 49.999996E-06          50.148418E-09             ;
                 52.E-06                67.207497E-09             ;
                 54.E-06                88.083199E-09             ;
                 56.E-06               113.03651E-09              ;
                 58.000004E-06         142.19447E-09              ;
                 60.E-06               175.52373E-09              ;
                 62.E-06               212.8141E-09               ;
                 64.E-06               253.67552E-09              ;
                 66.E-06               297.55002E-09              ;
                 68.E-06               343.73987E-09              ;
                 70.E-06               391.44949E-09              ;
                 72.000008E-06         439.83923E-09              ;
                 74.E-06               488.0864E-09               ;
                 76.E-06               535.44714E-09              ;
                 77.999992E-06         581.31366E-09              ;
                 80.E-06               625.26068E-09              ;
                 82.E-06               667.07538E-09              ;
                 84.E-06               706.76813E-09              ;
                 86.E-06               744.56073E-09              ;
                 88.E-06               780.8551E-09               ;
                 90.E-06               816.18359E-09              ;
                 92.E-06               851.14673E-09              ;
                 94.000008E-06         886.34619E-09              ;
                 96.E-06               922.3186E-09               ;
                 98.E-06               959.47815E-09              ;
                 99.999992E-06         998.07599E-09              ;
                102.E-06                 1.0381782E-06            ;
                104.E-06                 1.0796666E-06            ;
                106.E-06                 1.1222608E-06            ;
                108.E-06                 1.1655587E-06            ;
                110.E-06                 1.2090902E-06            ;
                112.E-06                 1.2523767E-06            ;
                114.E-06                 1.2949895E-06            ;
                116.00001E-06            1.3365988E-06            ;
                117.99999E-06            1.3770081E-06            ;
                120.E-06                 1.4161692E-06            ;
                121.99999E-06            1.454177E-06             ;
                124.E-06                 1.4912444E-06            ;
                126.E-06                 1.5276608E-06            ;
                128.E-06                 1.5637416E-06            ;
                130.E-06                 1.5997721E-06            ;
                132.E-06                 1.6359581E-06            ;
                134.E-06                 1.6723843E-06            ;
                136.E-06                 1.7089888E-06            ;
                138.E-06                 1.7455575E-06            ;
                140.E-06                 1.7817352E-06            ;
                142.E-06                 1.8170555E-06            ;
                144.00002E-06            1.8509821E-06            ;
                146.00002E-06            1.8829591E-06            ;
                148.E-06                 1.9124602E-06            ;
                149.99998E-06            1.9390346E-06            ;
                152.E-06                 1.9623405E-06            ;
                154.E-06                 1.9821669E-06            ;
                155.99998E-06            1.9984397E-06            ;
                158.E-06                 2.0112116E-06            ;
                160.E-06                 2.0206428E-06            ;
                162.E-06                 2.0269721E-06            ;
                164.E-06                 2.030488E-06             ;
                166.E-06                 2.0314996E-06            ;
                168.E-06                 2.0303144E-06            ;
                170.E-06                 2.0272276E-06            ;
                172.E-06                 2.0225179E-06            ;
                174.E-06                 2.0164549E-06            ;
                176.E-06                 2.0093117E-06            ;
                178.E-06                 2.0013793E-06            ;
                180.E-06                 1.992981E-06             ;
                182.E-06                 1.9844785E-06            ;
                184.E-06                 1.9762695E-06            ;
                186.E-06                 1.9687752E-06            ;
                188.00002E-06            1.962415E-06             ;
                190.00002E-06            1.9575739E-06            ;
                192.E-06                 1.9545658E-06            ;
                193.99998E-06            1.9535958E-06            ;
                196.E-06                 1.9547285E-06            ;
                198.E-06                 1.9578692E-06            ;
                199.99998E-06            1.962759E-06             ;
                201.99998E-06            1.9689879E-06            ;
                204.E-06                 1.9760257E-06            ;
                206.E-06                 1.9832675E-06            ;
                208.E-06                 1.9900923E-06            ;
                210.E-06                 1.9959233E-06            ;
                212.E-06                 2.000289E-06             ;
                214.E-06                 2.0028734E-06            ;
                216.E-06                 2.0035524E-06            ;
                218.E-06                 2.0024083E-06            ;
                220.E-06                 1.9997251E-06            ;
                222.E-06                 1.9959626E-06            ;
                224.E-06                 1.9917104E-06            ;
                226.00002E-06            1.987631E-06             ;
                228.E-06                 1.9843949E-06            ;
                230.E-06                 1.982619E-06             ;
                232.00002E-06            1.9828123E-06            ;
