%%%
%%%  JOB TITLE : LINEAR DYNAMIC EXPLICIT SOLVER TEST SERIES -- TEST 2: PRESCRIBED DISPLACEMENT (NULL POISSON)
%%%  JOB ID    : {476e4b17-2754-4a88-b59d-3b625be15240}
%%%  SUBMITED ON : 30 May 2013, 05:55:16
%%%
%%% ------
%%%
%%%  THIS IS STEP  0 : <untitled>

results = [
    1.9999999999999999e-006    4.0000000000000001e-008    2.0000000000000000e-002    0.0000000000000000e+000    0.0000000000000000e+000    0.0000000000000000e+000    0.0000000000000000e+000    0.0000000000000000e+000    -9.9490424909898891e+001 ; 
    3.9999999999999998e-006    8.0000000000000002e-008    2.0000000000000000e-002    -1.3234889800848443e-011    0.0000000000000000e+000    0.0000000000000000e+000    0.0000000000000000e+000    0.0000000000000000e+000    -1.9496646896420188e+002 ; 
    5.9999999999999993e-006    1.1999999999999999e-007    1.9999999999999993e-002    0.0000000000000000e+000    2.1985258919216775e-018    1.0992629459608387e-012    2.1985258919216775e-006    8.7941040953329571e-006    -2.8273770515111391e+002 ; 
    7.9999999999999996e-006    1.6000000000000000e-007    2.0000000000000007e-002    -2.6469779601696886e-011    1.6836311101542133e-016    8.3082292561749835e-011    1.1824512268998265e-004    6.7220874431477506e-004    -3.5972893605960911e+002 ; 
    1.0000000000000001e-005    2.0000000000000002e-007    2.0000000000000007e-002    2.6469779601696886e-011    2.8775216902547433e-015    1.3545792896196611e-009    1.4919358991175239e-003    1.1461374985420297e-002    -4.2370980534262526e+002 ; 
    1.2000000000000002e-005    2.4000000000000008e-007    2.0000000000000035e-002    2.6469779601696886e-011    2.5345871890134022e-014    1.1234175099939640e-008    1.0059621664937804e-002    1.0065715413590526e-001    -4.7344069554855537e+002 ; 
    1.4000000000000003e-005    2.8000000000000007e-007    1.9999999999999993e-002    -5.2939559203393771e-011    1.4958462864305384e-013    6.2119378376459912e-008    4.6706180959444267e-002    5.9196422453211961e-001    -5.0872220773035747e+002 ; 
    1.6000000000000003e-005    3.2000000000000011e-007    2.0000000000000021e-002    0.0000000000000000e+000    6.7100878163838804e-013    2.6071207649766714e-007    1.6834862697335740e-001    2.6445486873037694e+000    -5.3034614944601890e+002 ; 
    1.8000000000000004e-005    3.6000000000000005e-007    1.9999999999999966e-002    1.0587911840678754e-010    2.4593651841719570e-012    8.9417820126678442e-007    5.0411560895783003e-001    9.6470729744276760e+000    -5.3995661098008929e+002 ; 
    2.0000000000000005e-005    4.0000000000000009e-007    2.0000000000000021e-002    0.0000000000000000e+000    7.7107165449624379e-012    2.6256756803952408e-006    1.3085599789795339e+000    3.0084284932104751e+001    -5.3983913560150484e+002 ; 
    2.2000000000000006e-005    4.4000000000000013e-007    2.0000000000000021e-002    0.0000000000000000e+000    2.1334125713692249e-011    6.8117045843649052e-006    3.0296590510076054e+000    8.2737545313835753e+001    -5.3266310902541659e+002 ; 
    2.4000000000000007e-005    4.8000000000000017e-007    2.0000000000000021e-002    0.0000000000000000e+000    5.3261550622072793e-011    1.5963712454190271e-005    6.3836934939130794e+000    2.0517295338749838e+002    -5.2120652755076230e+002 ; 
    2.6000000000000009e-005    5.2000000000000021e-007    2.0000000000000021e-002    0.0000000000000000e+000    1.2197038023016446e-010    3.4354414804045831e-005    1.2422963841749647e+001    4.6635655226902418e+002    -5.0809286720807546e+002 ; 
    2.8000000000000010e-005    5.6000000000000014e-007    1.9999999999999966e-002    -1.0587911840678754e-010    2.5944199159522573e-010    6.8735805682530618e-005    2.2577116122880952e+001    9.8383239963377241e+002    -4.9556691305222603e+002 ; 
    3.0000000000000011e-005    6.0000000000000018e-007    2.0000000000000021e-002    0.0000000000000000e+000    5.1763055752927367e-010    1.2909428296702398e-004    3.8646161744329312e+001    1.9451627021063423e+003    -4.8533057977971413e+002 ; 
    3.2000000000000005e-005    6.4000000000000023e-007    2.0000000000000021e-002    0.0000000000000000e+000    9.7628079380435156e-010    2.2932511813753898e-004    6.2724465169872552e+001    3.6322805337654772e+003    -4.7845177099206296e+002 ; 
    3.4000000000000000e-005    6.8000000000000005e-007    1.9999999999999914e-002    2.1175823681357508e-010    1.7516254904396410e-009    3.8767234831764468e-004    9.7040889637854733e+001    6.4461456388329634e+003    -4.7535023003386164e+002 ; 
    3.5999999999999994e-005    7.1999999999999988e-007    1.9999999999999914e-002    0.0000000000000000e+000    3.0051468575811156e-009    6.2676068357073731e-004    1.4371099049712745e+002    1.0927804745050196e+004    -4.7585527393176574e+002 ; 
    3.7999999999999989e-005    7.5999999999999982e-007    1.9999999999999966e-002    -1.0587911840678754e-010    4.9512508388327355e-009    9.7305199062580996e-004    2.0441172492219442e+002    1.7770887633188162e+004    -4.7932236814997719e+002 ; 
    3.9999999999999983e-005    7.9999999999999965e-007    1.9999999999999914e-002    -2.1175823681357508e-010    7.8624435487398593e-009    1.4555963549535617e-003    2.8000575497171906e+002    2.7819999013731616e+004    -4.8478960287915845e+002 ; 
    4.1999999999999977e-005    8.3999999999999958e-007    1.9999999999999966e-002    -1.0587911840678754e-010    1.2070479878243923e-008    2.1040181647520328e-003    3.7015845341464893e+002    4.2049658638450244e+004    -4.9115188690391170e+002 ; 
    4.3999999999999972e-005    8.7999999999999952e-007    1.9999999999999966e-002    -1.0587911840678754e-010    1.7962033833084395e-008    2.9457769774202361e-003    4.7300318404334899e+002    6.1519592171077966e+004    -4.9733033771085132e+002 ; 
    4.5999999999999966e-005    9.1999999999999934e-007    1.9999999999999914e-002    -2.1175823681357508e-010    2.5967755909499287e-008    4.0028610382074467e-003    5.8491642274073672e+002    8.7304354072116897e+004    -5.0241679295513910e+002 ; 
    4.7999999999999961e-005    9.5999999999999928e-007    1.9999999999999966e-002    -1.0587911840678754e-010    3.6544141725316015e-008    5.2881929079083637e-003    7.0046154546506125e+002    1.2039837855438134e+005    -5.0577812876222578e+002 ; 
    4.9999999999999955e-005    9.9999999999999911e-007    1.9999999999999914e-002    2.1175823681357508e-010    5.0148407605824117e-008    6.8021329402540524e-003    8.1254748896145020e+002    1.6160133142928721e+005    -5.0711140404157260e+002 ; 
    5.1999999999999949e-005    1.0399999999999991e-006    2.0000000000000021e-002    0.0000000000000000e+000    6.7207483009466036e-008    8.5295377018209592e-003    9.1282632109526503e+002    2.1139262976653335e+005    -5.0644785410179992e+002 ; 
    5.3999999999999944e-005    1.0799999999999990e-006    1.9999999999999914e-002    2.1175823681357508e-010    8.8083182014795807e-008    1.0437849502664886e-002    9.9232399424910022e+002    2.6980763535302301e+005    -5.0411049123878763e+002 ; 
    5.5999999999999938e-005    1.1199999999999988e-006    1.9999999999999914e-002    2.1175823681357508e-010    1.1303647823071249e-007    1.2476648107958344e-002    1.0422646608894831e+003    3.3633068364342256e+005    -5.0063568203814827e+002 ; 
    5.7999999999999933e-005    1.1599999999999988e-006    2.0000000000000021e-002    0.0000000000000000e+000    1.4219444354174814e-007    1.4578982655517828e-002    1.0550155011376166e+003    4.0982119075776916e+005    -4.9667290363448819e+002 ; 
    5.9999999999999927e-005    1.1999999999999987e-006    1.9999999999999914e-002    2.1175823681357508e-010    1.7552369722902859e-007    1.6664626843640225e-002    1.0250511713674846e+003    4.8848813340222155e+005    -4.9287854915576685e+002 ; 
    6.1999999999999921e-005    1.2399999999999985e-006    1.9999999999999914e-002    2.1175823681357508e-010    2.1281405668960420e-007    1.8645179730287811e-002    9.4981962730810130e+002    5.6992499786665989e+005    -4.8981908051282744e+002 ; 
