abaqus_sigma_mid_xy = [
                0.                 0.             ;
              174.816E-06          0.             ;
              349.633E-06          0.             ;
              524.448E-06          0.             ;
              699.26E-06        -225.92E-12       ;
              874.07E-06          -6.13106E-09    ;
                1.04888E-03      -54.3511E-09     ;
                1.22368E-03     -255.007E-09      ;
                1.39848E-03     -746.353E-09      ;
                1.57327E-03       -1.42585E-06    ;
                1.74806E-03       -1.64517E-06    ;
                1.92284E-03     -540.078E-09      ;
                2.09761E-03        1.69319E-06    ;
                2.27237E-03        3.03479E-06    ;
                2.44712E-03        2.30888E-06    ;
                2.62186E-03        6.135E-06      ;
                2.79658E-03       35.2576E-06     ;
                2.9713E-03       121.97E-06       ;
                3.146E-03        296.875E-06      ;
                3.32069E-03      577.893E-06      ;
                3.49537E-03      982.253E-06      ;
                3.67003E-03        1.56793E-03    ;
                3.84468E-03        2.47963E-03    ;
                4.01932E-03        3.95599E-03    ;
                4.19395E-03        6.27714E-03    ;
                4.36856E-03        9.68853E-03    ;
                4.54316E-03       14.3765E-03     ;
                4.71774E-03       20.545E-03      ;
                4.8923E-03        28.5539E-03     ;
                5.06685E-03       39.0013E-03     ;
                5.24139E-03       52.6467E-03     ;
                5.41591E-03       70.1907E-03     ;
                5.59041E-03       92.0717E-03     ;
                5.76489E-03      118.471E-03      ;
                5.93936E-03      149.552E-03      ;
                6.11381E-03      185.727E-03      ;
                6.28824E-03      227.687E-03      ;
                6.46265E-03      276.095E-03      ;
                6.63705E-03      331.19E-03       ;
                6.81143E-03      392.651E-03      ;
                6.98579E-03      459.926E-03      ;
                7.16014E-03      532.792E-03      ;
                7.33447E-03      611.706E-03      ;
                7.50878E-03      697.596E-03      ;
                7.68309E-03      791.282E-03      ;
                7.85738E-03      893.015E-03      ;
                8.03165E-03        1.00263        ;
                8.20591E-03        1.12019        ;
                8.38016E-03        1.24666        ;
                8.55439E-03        1.38375        ;
                8.72862E-03        1.53314        ;
                8.90283E-03        1.69544        ;
                9.07702E-03        1.86993        ;
                9.2512E-03         2.05522        ;
                9.42536E-03        2.25043        ;
                9.59951E-03        2.45559        ;
                9.77364E-03        2.67101        ;
                9.94775E-03        2.89578        ;
               10.1219E-03         3.127          ;
               10.2959E-03         3.36049        ;
               10.47E-03           3.5928         ;
               10.644E-03          3.82306        ;
               10.8181E-03         4.05306        ;
               10.9921E-03         4.28552        ;
               11.1661E-03         4.52187        ;
               11.3401E-03         4.76177        ;
               11.514E-03          5.00489        ;
               11.688E-03          5.25383        ;
               11.8619E-03         5.51545        ;
               12.0359E-03         5.79926        ;
               12.2098E-03         6.11359        ;
               12.3837E-03         6.4624         ;
               12.5575E-03         6.84518        ;
               12.7314E-03         7.26           ;
               12.9053E-03         7.70697        ;
               13.0791E-03         8.1889         ;
               13.2529E-03         8.70837        ;
               13.4267E-03         9.26336        ;
               13.6005E-03         9.8452         ;
               13.7743E-03        10.4409         ;
               13.948E-03         11.0382         ;
               14.1217E-03        11.6302         ;
               14.2954E-03        12.2158         ;
               14.469E-03         12.7958         ;
               14.6426E-03        13.3695         ;
               14.8161E-03        13.9335         ;
               14.9897E-03        14.4854         ;
               15.1631E-03        15.0283         ;
               15.3366E-03        15.573          ;
               15.51E-03          16.1363         ;
               15.6834E-03        16.7355         ;
               15.8567E-03        17.384          ;
               16.03E-03          18.0895         ;
               16.2033E-03        18.8564         ;
               16.3765E-03        19.6885         ;
               16.5497E-03        20.5896         ;
               16.7228E-03        21.5618         ;
               16.8959E-03        22.6012         ;
               17.069E-03         23.6959         ;
               17.2421E-03        24.8263         ;
               17.4151E-03        25.9683         ;
               17.588E-03         27.0981         ;
               17.7609E-03        28.1944         ;
               17.9338E-03        29.24           ;
               18.1066E-03        30.221          ;
               18.2794E-03        31.126          ;
               18.4522E-03        31.9472         ;
               18.6249E-03        32.6823         ;
               18.7975E-03        33.3371         ;
               18.9702E-03        33.9273         ;
               19.1427E-03        34.4775         ;
               19.3153E-03        35.0176         ;
               19.4878E-03        35.5791         ;
               19.6602E-03        36.1921         ;
               19.8326E-03        36.884          ;
               20.005E-03         37.68           ;
               20.1773E-03        38.6027         ;
               20.3495E-03        39.6706         ;
               20.5218E-03        40.8941         ;
               20.6939E-03        42.2731         ;
               20.866E-03         43.7966         ;
               21.038E-03         45.4455         ;
               21.21E-03          47.1978         ;
               21.3819E-03        49.0319         ;
               21.5537E-03        50.9281         ;
               21.7255E-03        52.8675         ;
               21.8972E-03        54.8315         ;
               22.0689E-03        56.804          ;
               22.2405E-03        58.7757         ;
               22.412E-03         60.7492         ;
               22.5834E-03        62.7403         ;
               22.7548E-03        64.775          ;
               22.9262E-03        66.8833         ;
               23.0974E-03        69.093          ;
               23.2686E-03        71.4271         ;
               23.4397E-03        73.9049         ;
               23.6108E-03        76.5442         ;
               23.7818E-03        79.361          ;
               23.9527E-03        82.365          ;
               24.1235E-03        85.5524         ;
               24.2943E-03        88.9005         ;
               24.465E-03         92.3681         ;
               24.6356E-03        95.9031         ;
               24.8061E-03        99.4519         ;
               24.9765E-03       102.966          ;
               25.1469E-03       106.405          ;
               25.3172E-03       109.729          ;
               25.4874E-03       112.904          ;
               25.6575E-03       115.897          ;
               25.8275E-03       118.691          ;
               25.9975E-03       121.292          ;
               26.1674E-03       123.733          ;
               26.3371E-03       126.071          ;
