abaqus_uy = [
                0.                 0.           ;
              174.816E-06          0.           ;
              349.633E-06        371.653E-09    ;
              524.448E-06          1.41423E-06  ;
              699.26E-06           3.35038E-06  ;
              874.07E-06           6.3861E-06   ;
                1.04888E-03       10.7631E-06   ;
                1.22368E-03       16.7411E-06   ;
                1.39848E-03       24.5231E-06   ;
                1.57327E-03       34.2028E-06   ;
                1.74806E-03       45.7923E-06   ;
                1.92284E-03       59.3081E-06   ;
                2.09761E-03       74.8334E-06   ;
                2.27237E-03       92.497E-06    ;
                2.44712E-03      112.398E-06    ;
                2.62186E-03      134.563E-06    ;
                2.79658E-03      158.989E-06    ;
                2.9713E-03       185.734E-06    ;
                3.146E-03        214.977E-06    ;
                3.32069E-03      246.972E-06    ;
                3.49537E-03      281.963E-06    ;
                3.67003E-03      320.13E-06     ;
                3.84468E-03      361.622E-06    ;
                4.01932E-03      406.646E-06    ;
                4.19395E-03      455.495E-06    ;
                4.36856E-03      508.504E-06    ;
                4.54316E-03      565.947E-06    ;
                4.71774E-03      627.992E-06    ;
                4.8923E-03       694.747E-06    ;
                5.06685E-03      766.339E-06    ;
                5.24139E-03      842.809E-06    ;
                5.41591E-03      924.004E-06    ;
                5.59041E-03        1.00977E-03  ;
                5.76489E-03        1.09991E-03  ;
                5.93936E-03        1.19418E-03  ;
                6.11381E-03        1.29237E-03  ;
                6.28824E-03        1.39435E-03  ;
                6.46265E-03        1.50012E-03  ;
                6.63705E-03        1.6097E-03   ;
                6.81143E-03        1.72314E-03  ;
                6.98579E-03        1.84045E-03  ;
                7.16014E-03        1.96166E-03  ;
                7.33447E-03        2.08692E-03  ;
                7.50878E-03        2.2164E-03   ;
                7.68309E-03        2.35032E-03  ;
                7.85738E-03        2.48882E-03  ;
                8.03165E-03        2.63193E-03  ;
                8.20591E-03        2.77969E-03  ;
                8.38016E-03        2.93213E-03  ;
                8.55439E-03        3.0893E-03   ;
                8.72862E-03        3.25119E-03  ;
                8.90283E-03        3.41775E-03  ;
                9.07702E-03        3.58882E-03  ;
                9.2512E-03         3.76422E-03  ;
                9.42536E-03        3.94384E-03  ;
                9.59951E-03        4.12758E-03  ;
                9.77364E-03        4.31538E-03  ;
                9.94775E-03        4.50714E-03  ;
               10.1219E-03         4.70274E-03  ;
               10.2959E-03         4.90212E-03  ;
               10.47E-03           5.10528E-03  ;
               10.644E-03          5.31231E-03  ;
               10.8181E-03         5.52331E-03  ;
               10.9921E-03         5.73835E-03  ;
               11.1661E-03         5.95746E-03  ;
               11.3401E-03         6.18072E-03  ;
               11.514E-03          6.40823E-03  ;
               11.688E-03          6.64013E-03  ;
               11.8619E-03         6.87652E-03  ;
               12.0359E-03         7.1174E-03   ;
               12.2098E-03         7.36272E-03  ;
               12.3837E-03         7.61243E-03  ;
               12.5575E-03         7.8665E-03   ;
               12.7314E-03         8.12493E-03  ;
               12.9053E-03         8.38765E-03  ;
               13.0791E-03         8.65452E-03  ;
               13.2529E-03         8.9254E-03   ;
               13.4267E-03         9.20018E-03  ;
               13.6005E-03         9.4788E-03   ;
               13.7743E-03         9.76127E-03  ;
               13.948E-03         10.0475E-03   ;
               14.1217E-03        10.3375E-03   ;
               14.2954E-03        10.6312E-03   ;
               14.469E-03         10.9286E-03   ;
               14.6426E-03        11.2297E-03   ;
               14.8161E-03        11.5347E-03   ;
               14.9897E-03        11.8436E-03   ;
               15.1631E-03        12.1564E-03   ;
               15.3366E-03        12.4731E-03   ;
               15.51E-03          12.7937E-03   ;
               15.6834E-03        13.1181E-03   ;
               15.8567E-03        13.4465E-03   ;
               16.03E-03          13.7788E-03   ;
               16.2033E-03        14.115E-03    ;
               16.3765E-03        14.4548E-03   ;
               16.5497E-03        14.7982E-03   ;
               16.7228E-03        15.1452E-03   ;
               16.8959E-03        15.4958E-03   ;
               17.069E-03         15.8499E-03   ;
               17.2421E-03        16.2074E-03   ;
               17.4151E-03        16.5682E-03   ;
               17.588E-03         16.9323E-03   ;
               17.7609E-03        17.2998E-03   ;
               17.9338E-03        17.6708E-03   ;
               18.1066E-03        18.0452E-03   ;
               18.2794E-03        18.423E-03    ;
               18.4522E-03        18.8043E-03   ;
               18.6249E-03        19.189E-03    ;
               18.7975E-03        19.5773E-03   ;
               18.9702E-03        19.9692E-03   ;
               19.1427E-03        20.3647E-03   ;
               19.3153E-03        20.7637E-03   ;
               19.4878E-03        21.1662E-03   ;
               19.6602E-03        21.5721E-03   ;
               19.8326E-03        21.9815E-03   ;
               20.005E-03         22.3942E-03   ;
               20.1773E-03        22.8104E-03   ;
               20.3495E-03        23.2297E-03   ;
               20.5218E-03        23.6523E-03   ;
               20.6939E-03        24.0779E-03   ;
               20.866E-03         24.5068E-03   ;
               21.038E-03         24.9389E-03   ;
               21.21E-03          25.3743E-03   ;
               21.3819E-03        25.8129E-03   ;
               21.5537E-03        26.2549E-03   ;
               21.7255E-03        26.7002E-03   ;
               21.8972E-03        27.149E-03    ;
               22.0689E-03        27.6014E-03   ;
               22.2405E-03        28.0573E-03   ;
               22.412E-03         28.5169E-03   ;
               22.5834E-03        28.9799E-03   ;
               22.7548E-03        29.4464E-03   ;
               22.9262E-03        29.9165E-03   ;
               23.0974E-03        30.3899E-03   ;
               23.2686E-03        30.8667E-03   ;
               23.4397E-03        31.3466E-03   ;
               23.6108E-03        31.8295E-03   ;
               23.7818E-03        32.3153E-03   ;
               23.9527E-03        32.8039E-03   ;
               24.1235E-03        33.2951E-03   ;
               24.2943E-03        33.789E-03    ;
               24.465E-03         34.2854E-03   ;
               24.6356E-03        34.7841E-03   ;
               24.8061E-03        35.2852E-03   ;
               24.9765E-03        35.7888E-03   ;
               25.1469E-03        36.2948E-03   ;
               25.3172E-03        36.8033E-03   ;
               25.4874E-03        37.3144E-03   ;
               25.6575E-03        37.8279E-03   ;
               25.8275E-03        38.344E-03    ;
               25.9975E-03        38.8626E-03   ;
               26.1674E-03        39.384E-03    ;
               26.3371E-03        39.9081E-03   ;
               26.5068E-03        40.4347E-03   ;
               26.6765E-03        40.9638E-03   ;
               26.846E-03         41.4953E-03   ;
               27.0154E-03        42.0292E-03   ;
               27.1848E-03        42.5655E-03   ;
               27.3541E-03        43.104E-03    ;
