abaqus_sigma_mid_xx = [
                0.                 0.             ;
              174.816E-06          0.             ;
              349.633E-06          0.             ;
              524.448E-06          0.             ;
              699.26E-06         131.466E-03      ;
              874.07E-06         752.94E-03       ;
                1.04888E-03        2.21298        ;
                1.22368E-03        4.33742        ;
                1.39848E-03        6.20477        ;
                1.57327E-03        6.74673        ;
                1.74806E-03        5.92997        ;
                1.92284E-03        5.42543        ;
                2.09761E-03        7.76827        ;
                2.27237E-03       14.2865         ;
                2.44712E-03       23.4881         ;
                2.62186E-03       31.666          ;
                2.79658E-03       35.7619         ;
                2.9713E-03        36.3401         ;
                3.146E-03         37.9184         ;
                3.32069E-03       45.81           ;
                3.49537E-03       61.6741         ;
                3.67003E-03       81.512          ;
                3.84468E-03       98.2302         ;
                4.01932E-03      107.151          ;
                4.19395E-03      110.091          ;
                4.36856E-03      114.382          ;
                4.54316E-03      127.179          ;
                4.71774E-03      149.414          ;
                4.8923E-03       174.393          ;
                5.06685E-03      192.507          ;
                5.24139E-03      198.569          ;
                5.41591E-03      195.947          ;
                5.59041E-03      193.953          ;
                5.76489E-03      200.283          ;
                5.93936E-03      214.523          ;
                6.11381E-03      228.136          ;
                6.28824E-03      231.119          ;
                6.46265E-03      219.984          ;
                6.63705E-03      200.482          ;
                6.81143E-03      182.773          ;
                6.98579E-03      173.023          ;
                7.16014E-03      168.419          ;
                7.33447E-03      159.746          ;
                7.50878E-03      139.35           ;
                7.68309E-03      107.747          ;
                7.85738E-03       73.3437         ;
                8.03165E-03       45.5282         ;
                8.20591E-03       27.0353         ;
                8.38016E-03       12.0754         ;
                8.55439E-03       -8.19982        ;
                8.72862E-03      -37.5902         ;
                8.90283E-03      -71.0742         ;
                9.07702E-03      -98.6623         ;
                9.2512E-03      -113.634          ;
                9.42536E-03     -118.09           ;
                9.59951E-03     -120.978          ;
                9.77364E-03     -130.147          ;
                9.94775E-03     -145.184          ;
               10.1219E-03      -157.271          ;
               10.2959E-03      -156.393          ;
               10.47E-03        -139.898          ;
               10.644E-03       -115.099          ;
               10.8181E-03       -93.4616         ;
               10.9921E-03       -81.0859         ;
               11.1661E-03       -73.4474         ;
               11.3401E-03       -58.9974         ;
               11.514E-03        -28.8267         ;
               11.688E-03         15.5733         ;
               11.8619E-03        62.9919         ;
               12.0359E-03       101.226          ;
               12.2098E-03       126.755          ;
               12.3837E-03       147.411          ;
               12.5575E-03       175.838          ;
               12.7314E-03       219.083          ;
               12.9053E-03       272.815          ;
               13.0791E-03       324.743          ;
               13.2529E-03       364.301          ;
               13.4267E-03       390.666          ;
               13.6005E-03       412.807          ;
               13.7743E-03       441.905          ;
               13.948E-03        482.568          ;
               14.1217E-03       529.798          ;
               14.2954E-03       573.63           ;
               14.469E-03        607.125          ;
               14.6426E-03       631.192          ;
               14.8161E-03       652.879          ;
               14.9897E-03       679.312          ;
               15.1631E-03       712.564          ;
               15.3366E-03       749.233          ;
               15.51E-03         784.201          ;
               15.6834E-03       814.818          ;
               15.8567E-03       842.162          ;
               16.03E-03         869.112          ;
               16.2033E-03       897.675          ;
               16.3765E-03       928.034          ;
               16.5497E-03       959.623          ;
               16.7228E-03       992.501          ;
               16.8959E-03         1.02734E+03    ;
               17.069E-03          1.06422E+03    ;
               17.2421E-03         1.10177E+03    ;
               17.4151E-03         1.13812E+03    ;
               17.588E-03          1.1728E+03     ;
               17.7609E-03         1.20784E+03    ;
               17.9338E-03         1.24655E+03    ;
               18.1066E-03         1.29081E+03    ;
               18.2794E-03         1.3393E+03     ;
               18.4522E-03         1.38841E+03    ;
               18.6249E-03         1.43525E+03    ;
               18.7975E-03         1.4802E+03     ;
               18.9702E-03         1.52665E+03    ;
               19.1427E-03         1.57817E+03    ;
               19.3153E-03         1.6355E+03     ;
               19.4878E-03         1.69611E+03    ;
               19.6602E-03         1.7567E+03     ;
               19.8326E-03         1.8164E+03     ;
               20.005E-03          1.87758E+03    ;
               20.1773E-03         1.94363E+03    ;
               20.3495E-03         2.01568E+03    ;
               20.5218E-03         2.09137E+03    ;
               20.6939E-03         2.16704E+03    ;
               20.866E-03          2.24145E+03    ;
               21.038E-03          2.31748E+03    ;
               21.21E-03           2.39997E+03    ;
               21.3819E-03         2.49133E+03    ;
               21.5537E-03         2.58867E+03    ;
               21.7255E-03         2.68546E+03    ;
               21.8972E-03         2.77684E+03    ;
               22.0689E-03         2.8641E+03     ;
               22.2405E-03         2.95431E+03    ;
               22.412E-03          3.05483E+03    ;
               22.5834E-03         3.16681E+03    ;
               22.7548E-03         3.28323E+03    ;
               22.9262E-03         3.39362E+03    ;
               23.0974E-03         3.49213E+03    ;
               23.2686E-03         3.58261E+03    ;
               23.4397E-03         3.67605E+03    ;
               23.6108E-03         3.7821E+03     ;
               23.7818E-03         3.90101E+03    ;
               23.9527E-03         4.02264E+03    ;
               24.1235E-03         4.1338E+03     ;
               24.2943E-03         4.22845E+03    ;
               24.465E-03          4.3128E+03     ;
               24.6356E-03         4.4009E+03     ;
               24.8061E-03         4.504E+03      ;
               24.9765E-03         4.62176E+03    ;
               25.1469E-03         4.74238E+03    ;
               25.3172E-03         4.85166E+03    ;
               25.4874E-03         4.94416E+03    ;
               25.6575E-03         5.02762E+03    ;
               25.8275E-03         5.11723E+03    ;
               25.9975E-03         5.22415E+03    ;
               26.1674E-03         5.34725E+03    ;
               26.3371E-03         5.47436E+03    ;
