abaqus_ux = [
                0.                 0.             ;
              174.816E-06          0.             ;
              349.633E-06          0.             ;
              524.448E-06        -59.5992E-09     ;
              699.26E-06        -292.271E-09      ;
              874.07E-06        -799.166E-09      ;
                1.04888E-03       -1.6129E-06     ;
                1.22368E-03       -2.71246E-06    ;
                1.39848E-03       -4.09497E-06    ;
                1.57327E-03       -5.82839E-06    ;
                1.74806E-03       -8.02716E-06    ;
                1.92284E-03      -10.7733E-06     ;
                2.09761E-03      -14.0646E-06     ;
                2.27237E-03      -17.8452E-06     ;
                2.44712E-03      -22.0892E-06     ;
                2.62186E-03      -26.8524E-06     ;
                2.79658E-03      -32.2367E-06     ;
                2.9713E-03       -38.3032E-06     ;
                3.146E-03        -45.0232E-06     ;
                3.32069E-03      -52.3179E-06     ;
                3.49537E-03      -60.1478E-06     ;
                3.67003E-03      -68.5616E-06     ;
                3.84468E-03      -77.6565E-06     ;
                4.01932E-03      -87.49E-06       ;
                4.19395E-03      -98.0366E-06     ;
                4.36856E-03     -109.231E-06      ;
                4.54316E-03     -121.057E-06      ;
                4.71774E-03     -133.586E-06      ;
                4.8923E-03      -146.932E-06      ;
                5.06685E-03     -161.167E-06      ;
                5.24139E-03     -176.286E-06      ;
                5.41591E-03     -192.23E-06       ;
                5.59041E-03     -208.939E-06      ;
                5.76489E-03     -226.401E-06      ;
                5.93936E-03     -244.664E-06      ;
                6.11381E-03     -263.785E-06      ;
                6.28824E-03     -283.766E-06      ;
                6.46265E-03     -304.55E-06       ;
                6.63705E-03     -326.075E-06      ;
                6.81143E-03     -348.329E-06      ;
                6.98579E-03     -371.362E-06      ;
                7.16014E-03     -395.232E-06      ;
                7.33447E-03     -419.943E-06      ;
                7.50878E-03     -445.439E-06      ;
                7.68309E-03     -471.662E-06      ;
                7.85738E-03     -498.606E-06      ;
                8.03165E-03     -526.325E-06      ;
                8.20591E-03     -554.884E-06      ;
                8.38016E-03     -584.301E-06      ;
                8.55439E-03     -614.546E-06      ;
                8.72862E-03     -645.589E-06      ;
                8.90283E-03     -677.451E-06      ;
                9.07702E-03     -710.203E-06      ;
                9.2512E-03      -743.916E-06      ;
                9.42536E-03     -778.616E-06      ;
                9.59951E-03     -814.287E-06      ;
                9.77364E-03     -850.915E-06      ;
                9.94775E-03     -888.528E-06      ;
               10.1219E-03      -927.191E-06      ;
               10.2959E-03      -966.951E-06      ;
               10.47E-03          -1.0078E-03     ;
               10.644E-03         -1.04971E-03    ;
               10.8181E-03        -1.09262E-03    ;
               10.9921E-03        -1.13656E-03    ;
               11.1661E-03        -1.18155E-03    ;
               11.3401E-03        -1.22761E-03    ;
               11.514E-03         -1.27469E-03    ;
               11.688E-03         -1.32275E-03    ;
               11.8619E-03        -1.37171E-03    ;
               12.0359E-03        -1.42161E-03    ;
               12.2098E-03        -1.47246E-03    ;
               12.3837E-03        -1.5243E-03     ;
               12.5575E-03        -1.5771E-03     ;
               12.7314E-03        -1.63081E-03    ;
               12.9053E-03        -1.68542E-03    ;
               13.0791E-03        -1.741E-03      ;
               13.2529E-03        -1.7976E-03     ;
               13.4267E-03        -1.85529E-03    ;
               13.6005E-03        -1.91406E-03    ;
               13.7743E-03        -1.9739E-03     ;
               13.948E-03         -2.03483E-03    ;
               14.1217E-03        -2.09692E-03    ;
               14.2954E-03        -2.16023E-03    ;
               14.469E-03         -2.2248E-03     ;
               14.6426E-03        -2.29063E-03    ;
               14.8161E-03        -2.35766E-03    ;
               14.9897E-03        -2.42589E-03    ;
               15.1631E-03        -2.49534E-03    ;
               15.3366E-03        -2.56605E-03    ;
               15.51E-03          -2.63801E-03    ;
               15.6834E-03        -2.71115E-03    ;
               15.8567E-03        -2.7854E-03     ;
               16.03E-03          -2.86073E-03    ;
               16.2033E-03        -2.93715E-03    ;
               16.3765E-03        -3.01468E-03    ;
               16.5497E-03        -3.09331E-03    ;
               16.7228E-03        -3.173E-03      ;
               16.8959E-03        -3.2537E-03     ;
               17.069E-03         -3.33543E-03    ;
               17.2421E-03        -3.41826E-03    ;
               17.4151E-03        -3.50224E-03    ;
               17.588E-03         -3.58742E-03    ;
               17.7609E-03        -3.6738E-03     ;
               17.9338E-03        -3.76139E-03    ;
               18.1066E-03        -3.85023E-03    ;
               18.2794E-03        -3.94043E-03    ;
               18.4522E-03        -4.03205E-03    ;
               18.6249E-03        -4.12513E-03    ;
               18.7975E-03        -4.21965E-03    ;
               18.9702E-03        -4.31558E-03    ;
               19.1427E-03        -4.41294E-03    ;
               19.3153E-03        -4.51175E-03    ;
               19.4878E-03        -4.61207E-03    ;
               19.6602E-03        -4.71384E-03    ;
               19.8326E-03        -4.81702E-03    ;
               20.005E-03         -4.92151E-03    ;
               20.1773E-03        -5.02728E-03    ;
               20.3495E-03        -5.13435E-03    ;
               20.5218E-03        -5.24273E-03    ;
               20.6939E-03        -5.3524E-03     ;
               20.866E-03         -5.46334E-03    ;
               21.038E-03         -5.5755E-03     ;
               21.21E-03          -5.6889E-03     ;
               21.3819E-03        -5.80361E-03    ;
               21.5537E-03        -5.91971E-03    ;
               21.7255E-03        -6.03724E-03    ;
               21.8972E-03        -6.15624E-03    ;
               22.0689E-03        -6.27672E-03    ;
               22.2405E-03        -6.39875E-03    ;
               22.412E-03         -6.52242E-03    ;
               22.5834E-03        -6.6478E-03     ;
               22.7548E-03        -6.77492E-03    ;
               22.9262E-03        -6.90377E-03    ;
               23.0974E-03        -7.03434E-03    ;
               23.2686E-03        -7.16664E-03    ;
               23.4397E-03        -7.30068E-03    ;
               23.6108E-03        -7.43647E-03    ;
               23.7818E-03        -7.57396E-03    ;
               23.9527E-03        -7.71306E-03    ;
               24.1235E-03        -7.85371E-03    ;
               24.2943E-03        -7.99587E-03    ;
               24.465E-03         -8.13954E-03    ;
               24.6356E-03        -8.28472E-03    ;
               24.8061E-03        -8.43137E-03    ;
               24.9765E-03        -8.57943E-03    ;
               25.1469E-03        -8.72889E-03    ;
               25.3172E-03        -8.87978E-03    ;
               25.4874E-03        -9.03215E-03    ;
               25.6575E-03        -9.18609E-03    ;
               25.8275E-03        -9.34164E-03    ;
               25.9975E-03        -9.49882E-03    ;
               26.1674E-03        -9.65768E-03    ;
               26.3371E-03        -9.81827E-03    ;
