abaqus_vx = [
                0.                 0.          ;
              174.816E-06          0.          ;
              349.633E-06       -170.464E-06   ;
              524.448E-06       -835.957E-06   ;
              699.26E-06          -2.11535E-03 ;
              874.07E-06          -3.77739E-03 ;
                1.04888E-03       -5.47265E-03 ;
                1.22368E-03       -7.09966E-03 ;
                1.39848E-03       -8.91303E-03 ;
                1.57327E-03      -11.2484E-03  ;
                1.74806E-03      -14.1462E-03  ;
                1.92284E-03      -17.2724E-03  ;
                2.09761E-03      -20.2325E-03  ;
                2.27237E-03      -22.9595E-03  ;
                2.44712E-03      -25.7727E-03  ;
                2.62186E-03      -29.0372E-03  ;
                2.79658E-03      -32.7689E-03  ;
                2.9713E-03       -36.5942E-03  ;
                3.146E-03        -40.1119E-03  ;
                3.32069E-03      -43.291E-03   ;
                3.49537E-03      -46.4977E-03  ;
                3.67003E-03      -50.1229E-03  ;
                3.84468E-03      -54.1917E-03  ;
                4.01932E-03      -58.3523E-03  ;
                4.19395E-03      -62.2537E-03  ;
                4.36856E-03      -65.9219E-03  ;
                4.54316E-03      -69.7487E-03  ;
                4.71774E-03      -74.1094E-03  ;
                4.8923E-03       -79.0037E-03  ;
                5.06685E-03      -84.0879E-03  ;
                5.24139E-03      -88.992E-03   ;
                5.41591E-03      -93.5556E-03  ;
                5.59041E-03      -97.9131E-03  ;
                5.76489E-03     -102.38E-03    ;
                5.93936E-03     -107.145E-03   ;
                6.11381E-03     -112.079E-03   ;
                6.28824E-03     -116.859E-03   ;
                6.46265E-03     -121.296E-03   ;
                6.63705E-03     -125.521E-03   ;
                6.81143E-03     -129.86E-03    ;
                6.98579E-03     -134.506E-03   ;
                7.16014E-03     -139.327E-03   ;
                7.33447E-03     -144.005E-03   ;
                7.50878E-03     -148.356E-03   ;
                7.68309E-03     -152.519E-03   ;
                7.85738E-03     -156.823E-03   ;
                8.03165E-03     -161.468E-03   ;
                8.20591E-03     -166.352E-03   ;
                8.38016E-03     -171.205E-03   ;
                8.55439E-03     -175.885E-03   ;
                8.72862E-03     -180.54E-03    ;
                8.90283E-03     -185.458E-03   ;
                9.07702E-03     -190.787E-03   ;
                9.2512E-03      -196.399E-03   ;
                9.42536E-03     -202.038E-03   ;
                9.59951E-03     -207.588E-03   ;
                9.77364E-03     -213.185E-03   ;
                9.94775E-03     -219.049E-03   ;
               10.1219E-03      -225.237E-03   ;
               10.2959E-03      -231.553E-03   ;
               10.47E-03        -237.727E-03   ;
               10.644E-03       -243.67E-03    ;
               10.8181E-03      -249.533E-03   ;
               10.9921E-03      -255.52E-03    ;
               11.1661E-03      -261.647E-03   ;
               11.3401E-03      -267.702E-03   ;
               11.514E-03       -273.453E-03   ;
               11.688E-03       -278.879E-03   ;
               11.8619E-03      -284.199E-03   ;
               12.0359E-03      -289.651E-03   ;
               12.2098E-03      -295.268E-03   ;
               12.3837E-03      -300.869E-03   ;
               12.5575E-03      -306.278E-03   ;
               12.7314E-03      -311.545E-03   ;
               12.9053E-03      -316.93E-03    ;
               13.0791E-03      -322.675E-03   ;
               13.2529E-03      -328.783E-03   ;
               13.4267E-03      -335.048E-03   ;
               13.6005E-03      -341.289E-03   ;
               13.7743E-03      -347.549E-03   ;
               13.948E-03       -354.056E-03   ;
               14.1217E-03      -360.98E-03    ;
               14.2954E-03      -368.24E-03    ;
               14.469E-03       -375.559E-03   ;
               14.6426E-03      -382.713E-03   ;
               14.8161E-03      -389.719E-03   ;
               14.9897E-03      -396.775E-03   ;
               15.1631E-03      -404.012E-03   ;
               15.3366E-03      -411.317E-03   ;
               15.51E-03        -418.418E-03   ;
               15.6834E-03      -425.132E-03   ;
               15.8567E-03      -431.533E-03   ;
               16.03E-03        -437.867E-03   ;
               16.2033E-03      -444.304E-03   ;
               16.3765E-03      -450.785E-03   ;
               16.5497E-03      -457.116E-03   ;
               16.7228E-03      -463.206E-03   ;
               16.8959E-03      -469.215E-03   ;
               17.069E-03       -475.434E-03   ;
               17.2421E-03      -482.044E-03   ;
               17.4151E-03      -488.973E-03   ;
               17.588E-03       -496.022E-03   ;
               17.7609E-03      -503.1E-03     ;
               17.9338E-03      -510.348E-03   ;
               18.1066E-03      -518.01E-03    ;
               18.2794E-03      -526.175E-03   ;
               18.4522E-03      -534.671E-03   ;
               18.6249E-03      -543.199E-03   ;
               18.7975E-03      -551.596E-03   ;
               18.9702E-03      -559.945E-03   ;
               19.1427E-03      -568.445E-03   ;
               19.3153E-03      -577.152E-03   ;
               19.4878E-03      -585.872E-03   ;
               19.6602E-03      -594.309E-03   ;
               19.8326E-03      -602.317E-03   ;
               20.005E-03       -610.022E-03   ;
               20.1773E-03      -617.685E-03   ;
               20.3495E-03      -625.454E-03   ;
               20.5218E-03      -633.25E-03    ;
               20.6939E-03      -640.887E-03   ;
               20.866E-03       -648.312E-03   ;
               21.038E-03       -655.706E-03   ;
               21.21E-03        -663.36E-03    ;
               21.3819E-03      -671.445E-03   ;
               21.5537E-03      -679.912E-03   ;
               21.7255E-03      -688.598E-03   ;
               21.8972E-03      -697.439E-03   ;
               22.0689E-03      -706.546E-03   ;
               22.2405E-03      -716.096E-03   ;
               22.412E-03       -726.127E-03   ;
               22.5834E-03      -736.475E-03   ;
               22.7548E-03      -746.896E-03   ;
               22.9262E-03      -757.259E-03   ;
               23.0974E-03      -767.614E-03   ;
               23.2686E-03      -778.064E-03   ;
               23.4397E-03      -788.585E-03   ;
               23.6108E-03      -798.977E-03   ;
               23.7818E-03      -809.008E-03   ;
               23.9527E-03      -818.606E-03   ;
               24.1235E-03      -827.911E-03   ;
               24.2943E-03      -837.128E-03   ;
               24.465E-03       -846.341E-03   ;
               24.6356E-03      -855.454E-03   ;
               24.8061E-03      -864.332E-03   ;
               24.9765E-03      -872.998E-03   ;
               25.1469E-03      -881.678E-03   ;
               25.3172E-03      -890.657E-03   ;
               25.4874E-03      -900.072E-03   ;
               25.6575E-03      -909.852E-03   ;
               25.8275E-03      -919.846E-03   ;
               25.9975E-03      -930.022E-03   ;
               26.1674E-03      -940.529E-03   ;
               26.3371E-03      -951.57E-03    ;
               26.5068E-03      -963.199E-03   ;
               26.6765E-03      -975.25E-03    ;
               26.846E-03       -987.465E-03   ;
               27.0154E-03      -999.697E-03   ;
               27.1848E-03        -1.01199     ;
               27.3541E-03        -1.02449     ;
               27.5232E-03        -1.03723     ;
               27.6923E-03        -1.05003     ;
               27.8613E-03        -1.06266     ;
