abaqus_sigma_tip_xx = [
                0.                 0.            ;
              174.816E-06          0.            ;
              349.633E-06         43.2527        ;
              524.448E-06        123.961         ;
              699.26E-06         191.03          ;
              874.07E-06         201.173         ;
                1.04888E-03      164.986         ;
                1.22368E-03      136.312         ;
                1.39848E-03      155.045         ;
                1.57327E-03      203.485         ;
                1.74806E-03      223.26          ;
                1.92284E-03      176.543         ;
                2.09761E-03       87.9249        ;
                2.27237E-03       22.1565        ;
                2.44712E-03       19.4105        ;
                2.62186E-03       54.6345        ;
                2.79658E-03       63.7158        ;
                2.9713E-03        10.3789        ;
                3.146E-03        -74.8699        ;
                3.32069E-03     -124.263         ;
                3.49537E-03     -100.951         ;
                3.67003E-03      -36.0462        ;
                3.84468E-03        3.46182       ;
                4.01932E-03      -17.0842        ;
                4.19395E-03      -65.6645        ;
                4.36856E-03      -78.0122        ;
                4.54316E-03      -24.8999        ;
                4.71774E-03       57.1202        ;
                4.8923E-03       102.799         ;
                5.06685E-03       84.3093        ;
                5.24139E-03       21.6028        ;
                5.41591E-03      -48.6066        ;
                5.59041E-03      -82.017         ;
                5.76489E-03      -71.3778        ;
                5.93936E-03      -53.9523        ;
                6.11381E-03      -73.2208        ;
                6.28824E-03     -133.328         ;
                6.46265E-03     -192.925         ;
                6.63705E-03     -205.356         ;
                6.81143E-03     -164.867         ;
                6.98579E-03     -112.069         ;
                7.16014E-03      -93.0424        ;
                7.33447E-03     -113.436         ;
                7.50878E-03     -133.827         ;
                7.68309E-03     -110.572         ;
                7.85738E-03      -40.4412        ;
                8.03165E-03       35.989         ;
                8.20591E-03       74.8156        ;
                8.38016E-03       71.4572        ;
                8.55439E-03       62.4392        ;
                8.72862E-03       85.6779        ;
                8.90283E-03      140.785         ;
                9.07702E-03      189.886         ;
                9.2512E-03       197.066         ;
                9.42536E-03      165.027         ;
                9.59951E-03      131.274         ;
                9.77364E-03      128.677         ;
                9.94775E-03      151.917         ;
               10.1219E-03       164.562         ;
               10.2959E-03       138.805         ;
               10.47E-03          86.0123        ;
               10.644E-03         46.1506        ;
               10.8181E-03        47.2648        ;
               10.9921E-03        77.3413        ;
               11.1661E-03        97.8574        ;
               11.3401E-03        84.8136        ;
               11.514E-03         54.4257        ;
               11.688E-03         46.6423        ;
               11.8619E-03        83.5521        ;
               12.0359E-03       145.902         ;
               12.2098E-03       192.209         ;
               12.3837E-03       200.771         ;
               12.5575E-03       191.057         ;
               12.7314E-03       202.325         ;
               12.9053E-03       251.591         ;
               13.0791E-03       314.59          ;
               13.2529E-03       349.607         ;
               13.4267E-03       339.709         ;
               13.6005E-03       309.742         ;
               13.7743E-03       300.451         ;
               13.948E-03        326.355         ;
               14.1217E-03       360.874         ;
               14.2954E-03       364.174         ;
               14.469E-03        325.034         ;
               14.6426E-03       273.585         ;
               14.8161E-03       251.702         ;
               14.9897E-03       271.385         ;
               15.1631E-03       303.766         ;
               15.3366E-03       309.916         ;
               15.51E-03         281.705         ;
               15.6834E-03       250.739         ;
               15.8567E-03       256.291         ;
               16.03E-03         305.195         ;
               16.2033E-03       364.869         ;
               16.3765E-03       396.493         ;
               16.5497E-03       394.206         ;
               16.7228E-03       390.055         ;
               16.8959E-03       419.714         ;
               17.069E-03        484.333         ;
               17.2421E-03       547.874         ;
               17.4151E-03       572.922         ;
               17.588E-03        558.341         ;
               17.7609E-03       540.086         ;
               17.9338E-03       554.077         ;
               18.1066E-03       598.923         ;
               18.2794E-03       636.746         ;
               18.4522E-03       631.676         ;
               18.6249E-03       587.132         ;
               18.7975E-03       543.919         ;
               18.9702E-03       540.622         ;
               19.1427E-03       575.958         ;
               19.3153E-03       610.923         ;
               19.4878E-03       608.658         ;
               19.6602E-03       572.106         ;
               19.8326E-03       541.816         ;
               20.005E-03        556.238         ;
               20.1773E-03       614.216         ;
               20.3495E-03       676.844         ;
               20.5218E-03       706.227         ;
               20.6939E-03       702.081         ;
               20.866E-03        700.037         ;
               21.038E-03        734.348         ;
               21.21E-03         803.            ;
               21.3819E-03       869.905         ;
               21.5537E-03       900.976         ;
               21.7255E-03       897.096         ;
               21.8972E-03       891.087         ;
               22.0689E-03       912.735         ;
               22.2405E-03       958.066         ;
               22.412E-03        993.974         ;
               22.5834E-03       992.918         ;
               22.7548E-03       961.835         ;
               22.9262E-03       935.69          ;
               23.0974E-03       942.325         ;
               23.2686E-03       974.565         ;
               23.4397E-03       998.176         ;
               23.6108E-03       987.787         ;
               23.7818E-03       954.307         ;
               23.9527E-03       935.72          ;
               24.1235E-03       959.977         ;
               24.2943E-03         1.0171E+03    ;
               24.465E-03          1.06874E+03   ;
               24.6356E-03         1.08613E+03   ;
               24.8061E-03         1.07881E+03   ;
               24.9765E-03         1.08531E+03   ;
               25.1469E-03         1.13472E+03   ;
               25.3172E-03         1.21702E+03   ;
               25.4874E-03         1.29167E+03   ;
               25.6575E-03         1.32631E+03   ;
               25.8275E-03         1.32767E+03   ;
               25.9975E-03         1.33422E+03   ;
               26.1674E-03         1.37773E+03   ;
               26.3371E-03         1.45131E+03   ;
               26.5068E-03         1.51529E+03   ;
               26.6765E-03         1.53533E+03   ;
               26.846E-03          1.51573E+03   ;
