%%%
%%%  JOB TITLE : NON-LINEAR DYNAMIC EXPLICIT SOLVER TEST SERIES -- TEST 3: RUBBER BENDING LOAD TEST I
%%%  JOB ID    : {9a92a9f3-73fc-4c01-9e5a-37e97620ca36}
%%%  SUBMITED ON : 7 October 2013, 16:03:37
%%%
%%% ------
%%%
%%%  THIS IS STEP  0 : Transient analysis with no hourglass control

rubber_test = [
    2.0006180380651334e-004    2.0006180380651334e-001    -1.2173690828360906e-009    9.1320829805084133e-008    1.0235015613725409e+001    3.7781257093979859e-006    -8.6571767576970160e-002    9.0672118945243660e-010    -2.5315366724709350e-005    1.3645382558567561e-003    -4.4500111272287257e-001    1.3364223752224735e+001 ; 
    4.0012334426180115e-004    4.0012334426180118e-001    -2.7098536191960133e-008    7.0870765371604524e-007    6.3811640266329050e+001    4.8926190251785706e-004    2.0293562905862927e-002    -3.7549786676147327e-009    -3.1238816611799504e-004    5.1810703144232230e-003    -2.7744543425492525e+000    2.4262673454565615e+001 ; 
    6.0018348991981772e-004    6.0018348991981774e-001    -1.6858223219085112e-007    2.2891440489610825e-006    1.4617108420119621e+002    8.3864537284691204e-003    2.1275661385152489e-001    -5.4106329968058463e-009    -1.2256120907162273e-003    1.0919983081749511e-002    -6.3556980074236993e+000    3.2874636157118360e+001 ; 
    8.0024026439754999e-004    8.0024026439754992e-001    -5.5982406691947795e-007    5.1855149709613600e-006    1.9829665745946113e+002    6.2925961766269578e-002    7.0191967836581171e-001    -4.8312182148967813e-009    -2.7663663461526744e-003    1.8342430205469308e-002    -8.6244264288581007e+000    4.1487250964793247e+001 ; 
    1.0002908152630446e-003    1.0002908152630448e+000    -1.2867054693100777e-006    9.7467223701836162e-006    1.8866476407763548e+002    3.0032052538058351e-001    1.8493893434060737e+000    -2.5971402290271511e-008    -4.4906498799105648e-003    2.7612024827948195e-002    -8.2158823446341458e+000    5.1301060937700356e+001 ; 
    1.2003317495371379e-003    1.2003317495371377e+000    -2.3383345471805385e-006    1.6359343080751444e-005    1.5235938983294182e+002    1.0766574378033138e+000    3.7172396584646776e+000    -3.3041364969244764e-007    -5.9744305239749478e-003    3.8845587430853798e-002    -6.6710020072302276e+000    6.0668480689180051e+001 ; 
    1.4003595247835607e-003    1.4003595247835607e+000    -3.6620426530096747e-006    2.5388407142101623e-005    1.4784774355858099e+002    3.1682465347980813e+000    5.6383567955344915e+000    -2.8422114934685504e-006    -7.2606749182077051e-003    5.1678731842952838e-002    -6.5655815022154673e+000    6.6989692864002578e+001 ; 
    1.6003706029633089e-003    1.6003706029633089e+000    -5.2550737471447406e-006    3.7085002608406494e-005    1.8357809553539846e+002    8.0683968748022981e+000    6.6113654838409275e+000    -1.7736762304794986e-005    -8.7331939828058577e-003    6.5416258125092885e-002    -8.3316601108813089e+000    6.9969007379374730e+001 ; 
    1.8003613828286673e-003    1.8003613828286671e+000    -7.1799464529847817e-006    5.1576482042400139e-005    2.0554626116447616e+002    1.8399052630528363e+001    6.5647618290968239e+000    -8.6896568891924199e-005    -1.0569513528649030e-002    7.9616334367842601e-002    -9.7350848704593265e+000    7.2172368002568675e+001 ; 
    2.0003281890570703e-003    2.0003281890570705e+000    -9.4853885545104979e-006    6.8958584893422147e-005    1.6330893537739757e+002    3.8454408377623650e+001    7.2139565134420991e+000    -3.5376682025663804e-004    -1.2461020402362535e-002    9.4404843198063276e-002    -8.7694970719127969e+000    7.6072441306707987e+001 ; 
    2.2002675067945995e-003    2.2002675067945994e+000    -1.2136312980897831e-005    8.9383742856837073e-005    7.4823325501754880e+001    7.4890790852508886e+001    1.1079713071580045e+001    -1.2460620519176052e-003    -1.3982858333955192e-002    1.1012114303681156e-001    -6.5050424527357897e+000    8.1086377129291208e+001 ; 
    2.4001763238291731e-003    2.4001763238291729e+000    -1.5054208104604956e-005    1.1303995549365319e-004    9.6674230701755732e+000    1.3757241134932332e+002    1.9016525977058336e+001    -3.9091565733859746e-003    -1.5207810658171493e-002    1.2669915499615750e-001    -6.3945313172210456e+000    8.4188506707101524e+001 ; 
    2.6000522793033151e-003    2.6000522793033150e+000    -1.8242818195194074e-005    1.4004219730358157e-004    8.5702239293605089e+000    2.4057562560741459e+002    2.8683326306520030e+001    -1.1154996109735294e-002    -1.6850742526384042e-002    1.4350850905735890e-001    -1.0818523058495469e+001    8.3351389296266404e+001 ; 
    2.8004455132793456e-003    2.8004455132793455e+000    -2.1886840309192563e-005    1.7044703387851507e-004    3.5824454932357185e+001    4.0389681687701193e+002    3.6170104011311196e+001    -2.9473768527247667e-002    -1.9803878987227106e-002    1.5986033768629471e-001    -1.9092633418980419e+001    7.9566215553162039e+001 ; 
    3.0002503390839665e-003    3.0002503390839665e+000    -2.6289267037870418e-005    2.0394147525296477e-004    2.2780116353183985e+001    6.5278232700731326e+002    3.9850074012414552e+001    -7.2540708981123150e-002    -2.4617371499915372e-002    1.7529925868377630e-001    -2.9331124920052460e+001    7.4914408249717638e+001 ; 
    3.2000174804597062e-003    3.2000174804597057e+000    -3.1869845758800690e-005    2.4041517411132221e-004    -4.7423736527562141e+001    1.0216376910446448e+003    4.2953508834587410e+001    -1.6824496263618655e-001    -3.1702387426848805e-002    1.8969977309809521e-001    -4.2299855198492843e+001    6.8744982623270431e+001 ; 
    3.4002975781936991e-003    3.4002975781936988e+000    -3.9183532600383095e-005    2.7971649878558771e-004    -1.1759399396972731e+002    1.5554533593519527e+003    5.1332525852136314e+001    -3.7117098183156649e-001    -4.2030446819529381e-002    2.0239607108057528e-001    -6.2446143823433580e+001    5.6595062166416746e+001 ; 
    3.6005380385873346e-003    3.6005380385873349e+000    -4.9041595130820506e-005    3.2124120619007727e-004    -1.2226851722388528e+002    2.3073071311860976e+003    6.7928253640886396e+001    -7.8182537625347881e-001    -5.7558092783462231e-002    2.1159528489629242e-001    -9.4936816435006051e+001    3.3122006100600103e+001 ; 
    3.8001867637764831e-003    3.8001867637764830e+000    -6.2708894545188300e-005    3.6391907685574040e-004    -6.6670318134711124e+001    3.3386385767677498e+003    8.9056029257248156e+001    -1.5775930157521105e+000    -8.0995315205318330e-002    2.1469370407044922e-001    -1.4225253210567482e+002    -4.4005440519190273e+000 ; 
    4.0003457030033836e-003    4.0003457030033838e+000    -8.2155437665856114e-005    4.0647977340939844e-004    -2.0801873471704312e+001    4.7301212892156909e+003    1.0714102738886140e+002    -3.0747136337267573e+000    -1.1550193425604657e-001    2.0881487048802094e-001    -2.0493565723503295e+002    -5.6687934348948986e+001 ; 
    4.2004612741405253e-003    4.2004612741405252e+000    -1.0986035783245707e-004    4.4670723278596430e-004    -3.8843079561949708e+001    6.5629116336384404e+003    1.1738653786655050e+002    -5.7975803842091480e+000    -1.6416607809858222e-001    1.9089202561962021e-001    -2.8429516437302135e+002    -1.2529480289559268e+002 ; 
    4.4005301083103032e-003    4.4005301083103028e+000    -1.4901158575731128e-004    4.8183814217622690e-004    -9.7938688748399727e+001    8.9246694923264240e+003    1.2302847205952276e+002    -1.0608149158772314e+001    -2.3076175791030648e-001    1.5720038787517687e-001    -3.8535440419376886e+002    -2.1544654220653831e+002 ; 
    4.6005467538355197e-003    4.6005467538355198e+000    -2.0366675357933578e-004    5.0824399315410607e-004    -1.3199247069167905e+002    1.1899274049322958e+004    1.3284265703393612e+002    -1.8884751536715836e+001    -3.2031092207174133e-001    1.0272953845647391e-001    -5.1497289053612212e+002    -3.3417086506612884e+002 ; 
