abaqus_v = [
                0.                 0.          ;
              174.816E-06         85.0385E-03  ;
              349.633E-06        318.726E-03   ;
              524.331E-06        655.547E-03   ;
              698.78E-06           1.06413     ;
              872.938E-06          1.54698     ;
                1.04685E-03        2.1227      ;
                1.22056E-03        2.79069     ;
                1.394E-03          3.51539     ;
                1.56702E-03        4.24582     ;
                1.73945E-03        4.94954     ;
                1.91124E-03        5.62626     ;
                2.08239E-03        6.28936     ;
                2.25291E-03        6.93759     ;
                2.42273E-03        7.54722     ;
                2.59173E-03        8.09162     ;
                2.75984E-03        8.56654     ;
                2.92707E-03        8.99436     ;
                3.09351E-03        9.4037      ;
                3.25923E-03        9.80567     ;
                3.42422E-03       10.1906      ;
                3.58787E-03       10.5462      ;
                3.75017E-03       10.8808      ;
                3.91112E-03       11.2229      ;
                4.07072E-03       11.6008      ;
                4.22897E-03       12.0227      ;
                4.38588E-03       12.4762      ;
                4.54143E-03       12.9451      ;
                4.69564E-03       13.428       ;
                4.84849E-03       13.9398      ;
                5.E-03            14.4966      
];



