abaqus_load = [
                0.                 0.         ;
              174.816E-06         13.9853     ;
              349.633E-06         27.9706     ;
              524.331E-06         41.9465     ;
              698.78E-06          55.9024     ;
              872.938E-06         69.8351     ;
                1.04685E-03       83.7482     ;
                1.22056E-03       97.6449     ;
                1.394E-03        111.52       ;
                1.56702E-03      125.362      ;
                1.73945E-03      139.156      ;
                1.91124E-03      152.899      ;
                2.08239E-03      166.591      ;
                2.25291E-03      180.232      ;
                2.42273E-03      193.818      ;
                2.59173E-03      207.338      ;
                2.75984E-03      220.787      ;
                2.92707E-03      234.165      ;
                3.09351E-03      247.481      ;
                3.25923E-03      260.738      ;
                3.42422E-03      273.938      ;
                3.58787E-03      287.03       ;
                3.75017E-03      300.014      ;
                3.91112E-03      312.89       ;
                4.07072E-03      325.658      ;
                4.22897E-03      338.318      ;
                4.38588E-03      350.87       ;
                4.54143E-03      363.314      ;
                4.69564E-03      375.651      ;
                4.84849E-03      387.879      ;
                5.E-03           400.         
];



