abaqus_sigma = [
                0.                 0.           ;
              174.816E-06          0.           ;
              349.633E-06          5.63839E+03  ;
              524.331E-06         17.5468E+03   ;
              698.78E-06          31.3365E+03   ;
              872.938E-06         42.5736E+03   ;
                1.04685E-03       51.5916E+03   ;
                1.22056E-03       63.2591E+03   ;
                1.394E-03         82.1238E+03   ;
                1.56702E-03      108.006E+03    ;
                1.73945E-03      136.496E+03    ;
                1.91124E-03      163.645E+03    ;
                2.08239E-03      189.798E+03    ;
                2.25291E-03      218.686E+03    ;
                2.42273E-03      252.954E+03    ;
                2.59173E-03      290.901E+03    ;
                2.75984E-03      327.801E+03    ;
                2.92707E-03      360.342E+03    ;
                3.09351E-03      389.547E+03    ;
                3.25923E-03      419.215E+03    ;
                3.42422E-03      451.595E+03    ;
                3.58787E-03      484.636E+03    ;
                3.75017E-03      514.063E+03    ;
                3.91112E-03      537.565E+03    ;
                4.07072E-03      557.102E+03    ;
                4.22897E-03      577.003E+03    ;
                4.38588E-03      599.921E+03    ;
                4.54143E-03      624.655E+03    ;
                4.69564E-03      647.771E+03    ;
                4.84849E-03      667.276E+03    ;
                5.E-03           684.76E+03   
];



