%%%
%%%  JOB TITLE : NON-LINEAR DYNAMIC EXPLICIT SOLVER TEST SERIES -- TEST 2: RUBBER TENSILE LOAD TEST II
%%%  JOB ID    : {ce9c2787-e3ef-4b06-8d3b-afa6f089bb49}
%%%  SUBMITED ON : 1 September 2013, 19:02:11
%%%
%%% ------
%%%
%%%  THIS IS STEP  0 : Transient analysis with no hourglass control

rubber_test = [
    2.2106277757058112e-005    1.7685022205646488e+000    9.8581797365561097e-009    2.2578899760264903e+000    1.1388456848217174e+000    1.5284166431520134e+000    -1.2712551676668227e-001    1.0405504270095481e-003    1.0757683460038348e+002 ; 
    4.1449270799560052e-005    3.3159416639648041e+000    6.5698495628586994e-008    1.2825964941759594e+001    9.7809822047129273e+000    1.0170321777579375e+001    -1.2586114043369889e-001    4.1595816916160377e-003    2.1483946716321211e+002 ; 
    6.0792263840753739e-005    4.8633811072602988e+000    2.0761566606905135e-007    3.9611417379113846e+001    3.1667168934014626e+001    3.2056129632517695e+001    -1.2380000937264413e-001    9.3475345334140033e-003    3.2144330382371430e+002 ; 
    8.0135256839329336e-005    6.4108205471463471e+000    4.7544082704626050e-007    8.9956250720075332e+001    7.2754820187808946e+001    7.3143254433642142e+001    -1.2095349468290806e-001    1.6588551948333998e-002    4.2706782300087622e+002 ; 
    1.0224153434723088e-004    8.1793227477784693e+000    9.8628196518432802e-007    1.8541815999825485e+002    1.5052973221649881e+002    1.5091738410084508e+002    -1.1675897170789540e-001    2.7349516272054359e-002    5.4618543663482274e+002 ; 
    1.2158452670345820e-004    9.7267621362766548e+000    1.6561017651638878e-006    3.0968383327336051e+002    2.5155644329404458e+002    2.5194325261213817e+002    -1.1228787235450000e-001    3.8908501504623570e-002    6.4868582050908753e+002 ; 
    1.4092751814788322e-004    1.1274201451830656e+001    2.5739918181411758e-006    4.7857451323943678e+002    3.8852870580123272e+002    3.8891452529851813e+002    -1.0709498694632202e-001    5.2432174030930125e-002    7.4928383801181371e+002 ; 
    1.6027050508671080e-004    1.2821640406936863e+001    3.7774735318534785e-006    6.9789866686437745e+002    5.6589389188005589e+002    5.6627857460314408e+002    -1.0120916552841663e-001    6.7881246222165029e-002    8.4772379065617531e+002 ; 
    1.8237676206747739e-004    1.4590140965398191e+001    5.5496250310877908e-006    1.0170398682142841e+003    8.2305328049359377e+002    8.2343648462404963e+002    -9.3676129356026649e-002    8.7838279731971280e-002    9.5728692607631069e+002 ; 
    2.0171971767568534e-004    1.6137577414054828e+001    7.4875102295009959e-006    1.3614056574804708e+003    1.0994043728092220e+003    1.0997861267455155e+003    -8.6420403211377561e-002    1.0725952125743865e-001    1.0503523673289542e+003 ; 
    2.2106264611158720e-004    1.7685011688926974e+001    9.8231880337021449e-006    1.7706930584437214e+003    1.4264225757004460e+003    1.4268027340900153e+003    -7.8587021678686142e-002    1.2845415167916135e-001    1.1406177828509569e+003 ; 
    2.4040553569818087e-004    1.9232442855854469e+001    1.2590271003956929e-005    2.2481491223624907e+003    1.8060389667188283e+003    1.8064173849263461e+003    -7.0219961926341057e-002    1.5136658346494075e-001    1.2279376906947055e+003 ; 
    2.6251162829228966e-004    2.1000930263383172e+001    1.6322546086957125e-005    2.8804982007362414e+003    2.3058361473421101e+003    2.3062124007235980e+003    -6.0064738732762635e-002    1.7958103730812924e-001    1.3239797383789255e+003 ; 
    2.8185437937349920e-004    2.2548350349879936e+001    2.0122043095976367e-005    3.5116073617486982e+003    2.8013766208812594e+003    2.8017508270404069e+003    -5.0716603407636285e-002    2.0597645469501547e-001    1.4046434101608038e+003 ; 
    3.0119703120193238e-004    2.4095762496154592e+001    2.4451189362055042e-005    4.2163452936522663e+003    3.3509376832962735e+003    3.3513097005174495e+003    -4.0992607595399022e-002    2.3390152814429821e-001    1.4821101692104251e+003 ; 
    3.2053955523502392e-004    2.5643164418801913e+001    2.9338789849642325e-005    4.9949014014640125e+003    3.9534597206024919e+003    3.9538294083054643e+003    -3.0948330881074071e-002    2.6329433771953820e-001    1.5563674319720053e+003 ; 
    3.4264509675341939e-004    2.7411607740273553e+001    3.5643794633944797e-005    5.9743279852907872e+003    4.7045885741992388e+003    4.7049554290452506e+003    -1.9151110318489373e-002    2.9860406509391457e-001    1.6373297843782843e+003 ; 
    3.6198722527871683e-004    2.8958978022297345e+001    4.1819501080802665e-005    6.9082797652428271e+003    5.4136978809019784e+003    5.4140621092679212e+003    -8.6172968149185181e-003    3.3093478061291021e-001    1.7048170044464357e+003 ; 
    3.8132909922065249e-004    3.0506327937652202e+001    4.8636421273566107e-005    7.9119117098519346e+003    6.1678359791679541e+003    6.1681974446779350e+003    2.0494429627433419e-003    3.6454211393750963e-001    1.7692625249942184e+003 ; 
    4.0067066481873435e-004    3.2053653185498746e+001    5.6118489855283100e-005    8.9824966988235246e+003    6.9631143363845767e+003    6.9634729041946121e+003    1.2786475126631558e-002    3.9936850544568753e-001    1.8307818169926563e+003 ; 
    4.2001186113060164e-004    3.3600948890448130e+001    6.4288549106058683e-005    1.0116694855201524e+004    7.7950556205499452e+003    7.7954111574382987e+003    2.3530211648903787e-002    4.3535892863407633e-001    1.8895174738511234e+003 ; 
    4.4211554510213360e-004    3.5369243608170684e+001    7.4496121806514514e-005    1.1485787058252492e+004    8.7842851607105695e+003    8.7846370727547910e+003    3.5734593286179006e-002    4.7784965363214038e-001    1.9534513703068096e+003 ; 
    4.6145570943697357e-004    3.6916456754957885e+001    8.4212619249764056e-005    1.2742520121391979e+004    9.6772978834125679e+003    9.6776464849231998e+003    4.6276000794023275e-002    5.1616388035090988e-001    2.0068149347062363e+003 ; 
    4.8079526255644822e-004    3.8463621004515858e+001    9.4682439872326198e-005    1.4048993934782222e+004    1.0589692935752682e+004    1.0590038099160534e+004    5.6621327996253967e-002    5.5549105866663484e-001    2.0579935051445432e+003 ; 
    5.0013411056351771e-004    4.0010728845081417e+001    1.0592457000793161e-004    1.5399948503394378e+004    1.1515182009204524e+004    1.1515523608906893e+004    6.6705973702482879e-002    5.9579150811489778e-001    2.1072156633950817e+003 ; 
    5.2223465606276629e-004    4.1778772485021307e+001    1.1974179391063197e-004    1.6991238645639503e+004    1.2580511768311844e+004    1.2580849144030828e+004    7.7829704270698130e-002    6.4299613428325286e-001    2.1613844480186854e+003 ; 
    5.4157163755889600e-004    4.3325731004711685e+001    1.3269953456411979e-004    1.8418570780350827e+004    1.3511791344941244e+004    1.3512124894772307e+004    8.7139934999868274e-002    6.8527019562884017e-001    2.2072404551738177e+003 ; 
    5.6090756360374985e-004    4.4872605088299991e+001    1.4648492999682421e-004    1.9872353096118080e+004    1.4435090342438314e+004    1.4435419947435847e+004    9.5989038934931159e-002    7.2842365652384311e-001    2.2519280156335503e+003 ; 
    5.8024230514785893e-004    4.6419384411828716e+001    1.6111454362985423e-004    2.1346651587613509e+004    1.5343568014754215e+004    1.5343893558232579e+004    1.0431411920581013e-001    7.7243698877940137e-001    2.2957077698716298e+003 ; 
    6.0233752563057606e-004    4.8187002050446083e+001    1.7888863637210731e-004    2.3049132904057624e+004    1.6355004111941322e+004    1.6355324873787933e+004    1.1310642817988992e-001    8.2377252343458185e-001    2.3449627628856420e+003 ; 
    6.2166925599584370e-004    4.9733540479667496e+001    1.9538160343079416e-004    2.4547713890870451e+004    1.7209130692428211e+004    1.7209447150621912e+004    1.2009735114406794e-001    8.6958615880876178e-001    2.3876645578452853e+003 ; 
