abaqus_ay_bottom = [
           0.0000000E+000   0.0000000E+000   ;
           4.0200001E-005  -1.3520239E+002   ;
           8.0200000E-005  -3.0273254E+002   ;
           1.2020000E-004  -4.9892157E+002   ;
           1.6020000E-004  -6.8452319E+002   ;
           2.0020000E-004  -8.3282990E+002   ;
           2.4020000E-004  -9.6130627E+002   ;
           2.8020001E-004  -1.1109012E+003   ;
           3.2019999E-004  -1.2975461E+003   ;
           3.6020001E-004  -1.4932869E+003   ;
           4.0019999E-004  -1.6593950E+003   ;
           4.4020000E-004  -1.7922361E+003   ;
           4.8019999E-004  -1.9275682E+003   ;
           5.2020000E-004  -2.0981838E+003   ;
           5.6020002E-004  -2.2950627E+003   ;
           6.0019997E-004  -2.4780461E+003   ;
           6.4019999E-004  -2.6233804E+003   ;
           6.8020000E-004  -2.7518215E+003   ;
           7.2020001E-004  -2.9040024E+003   ;
           7.6020003E-004  -3.0922407E+003   ;
           8.0019998E-004  -3.2858645E+003   ;
           8.4019999E-004  -3.4474302E+003   ;
           8.8020001E-004  -3.5769150E+003   ;
           9.2020002E-004  -3.7115195E+003   ;
           9.6019998E-004  -3.8813062E+003   ;
           1.0000000E-003  -4.0731563E+003   ;
           1.0402000E-003  -4.2460869E+003   ;
           1.0800000E-003  -4.3772817E+003   ;
           1.1202000E-003  -4.4945493E+003   ;
           1.1600000E-003  -4.6319575E+003   ;
           1.2001999E-003  -4.7997227E+003   ;
           1.2400000E-003  -4.9619263E+003   ;
           1.2802000E-003  -5.0826138E+003   ;
           1.3202000E-003  -5.1629185E+003   ;
           1.3602000E-003  -5.2393892E+003   ;
           1.4002000E-003  -5.3366172E+003   ;
           1.4402000E-003  -5.4349097E+003   ;
           1.4802000E-003  -5.4896724E+003   ;
           1.5202001E-003  -5.4797124E+003   ;
           1.5602000E-003  -5.4271470E+003   ;
           1.6002000E-003  -5.3653276E+003   ;
           1.6402000E-003  -5.2929277E+003   ;
           1.6802000E-003  -5.1687451E+003   ;
           1.7201999E-003  -4.9534463E+003   ;
           1.7602000E-003  -4.6488296E+003   ;
           1.8002000E-003  -4.2882749E+003   ;
           1.8402000E-003  -3.8901470E+003   ;
           1.8802000E-003  -3.4299668E+003   ;
           1.9202000E-003  -2.8648376E+003   ;
           1.9602000E-003  -2.1815471E+003   ;
           2.0000001E-003  -1.4152302E+003   ;
           2.0401999E-003  -4.6334949E+002   ;
           2.0802000E-003   5.5150031E+002   ;
           2.1202001E-003   1.6516100E+003   ;
           2.1599999E-003   2.8045911E+003   ;
           2.2002000E-003   3.9662751E+003   ;
           2.2402001E-003   5.0684678E+003   ;
           2.2801999E-003   6.1083115E+003   ;
           2.3200000E-003   7.0920039E+003   ;
           2.3602000E-003   8.0116025E+003   ;
           2.4002001E-003   8.7996973E+003   ;
           2.4402000E-003   9.2873701E+003   ;
           2.4800000E-003   9.1702930E+003   ;
           2.5202001E-003   9.1711338E+003   ;
           2.5601999E-003   8.8516934E+003   ;
           2.6002000E-003   9.2833086E+003   ;
           2.6402001E-003   9.3816299E+003   ;
           2.6799999E-003   8.8273330E+003   ;
           2.7202000E-003   6.9449004E+003   ;
           2.7602001E-003   7.8149717E+003   ;
           2.8001999E-003   7.1871665E+003   ;
           2.8400000E-003   5.3431606E+003   ;
           2.8802000E-003   4.5294976E+003   ;
           2.9201999E-003   4.6590811E+003   ;
           2.9602000E-003   3.6485771E+003   ;
           3.0000000E-003   2.6349692E+003   ;
           3.0402001E-003   2.3087837E+003   ;
           3.0801999E-003   1.5568698E+003   ;
           3.1202000E-003   5.7934650E+002   ;
           3.1600001E-003  -5.6778204E+002   ;
           3.2001999E-003  -1.6521069E+002   ;
           3.2402000E-003  -9.1624677E+002   ;
           3.2802001E-003  -1.8151063E+003   ;
           3.3201999E-003  -1.3974561E+003   ;
           3.3602000E-003  -1.6891769E+003   ;
           3.4002000E-003  -3.0939858E+003   ;
           3.4401999E-003  -3.3532019E+003   ;
           3.4802000E-003  -2.7116384E+003   ;
           3.5202000E-003  -3.3225544E+003   ;
           3.5602001E-003  -4.7723208E+003   ;
           3.6001999E-003  -4.1708774E+003   ;
           3.6402000E-003  -3.7575400E+003   ;
           3.6802001E-003  -4.0185029E+003   ;
           3.7201999E-003  -5.2216147E+003   ;
           3.7602000E-003  -4.8656172E+003   ;
           3.8002001E-003  -5.3259438E+003   ;
           3.8401999E-003  -6.0063315E+003   ;
           3.8802000E-003  -5.3527070E+003   ;
           3.9201998E-003  -4.6015234E+003   ;
           3.9599999E-003  -5.7310083E+003   ;
           4.0000002E-003  -6.6486665E+003   ;
           4.0400000E-003  -4.9192793E+003   ;
           4.0802001E-003  -5.2000835E+003   ;
           4.1201999E-003  -5.4435610E+003   ;
           4.1601998E-003  -6.0834614E+003   ;
           4.2002001E-003  -5.5272778E+003   ;
           4.2401999E-003  -4.7381313E+003   ;
           4.2800000E-003  -4.8605854E+003   ;
           4.3199998E-003  -3.8110398E+003   ;
           4.3600001E-003  -3.6234355E+003   ;
           4.4002002E-003  -5.2508906E+003   ;
           4.4402000E-003  -3.4618320E+003   ;
           4.4801999E-003  -2.4097380E+003   ;
           4.5202002E-003  -2.3668223E+003   ;
           4.5602000E-003  -2.7796187E+003   ;
           4.6001999E-003  -1.2195981E+003   ;
           4.6399999E-003  -8.2588361E+002   ;
           4.6799998E-003  -1.3696158E+002   ;
           4.7201999E-003  -4.1929447E+001   ;
           4.7602002E-003   1.2255898E+003   ;
           4.8002000E-003   1.0748492E+003   ;
           4.8401998E-003   1.7356407E+003   ;
           4.8802001E-003   1.9718867E+003   ;
           4.9202000E-003   2.7647664E+003   ;
           4.9600000E-003   3.3936841E+003   ;
           4.9999999E-003   3.4627229E+003   ;
           5.0402000E-003   3.8540015E+003   ;
           5.0801998E-003   4.9216123E+003   ;
           5.1202001E-003   4.3707896E+003   ;
           5.1601999E-003   4.8935435E+003   ;
           5.2001998E-003   4.9727603E+003   ;
           5.2402001E-003   5.7488823E+003   ;
           5.2801999E-003   5.6348691E+003   ;
           5.3200000E-003   5.9276533E+003   ;
           5.3599998E-003   5.3722847E+003   ;
           5.4001999E-003   6.7403823E+003   ;
           5.4402002E-003   6.6546206E+003   ;
           5.4802001E-003   5.8937729E+003   ;
           5.5201999E-003   6.7377837E+003   ;
           5.5602002E-003   5.8838018E+003   ;
           5.6002000E-003   5.8170112E+003   ;
           5.6400001E-003   4.6287109E+003   ;
           5.6799999E-003   4.5296538E+003   ;
           5.7202000E-003   5.2265781E+003   ;
           5.7601999E-003   4.3710913E+003   ;
           5.8002002E-003   4.7373281E+003   ;
           5.8402000E-003   3.6681646E+003   ;
           5.8801998E-003   3.0862578E+003   ;
           5.9202001E-003   2.6029431E+003   ;
           5.9602000E-003   2.3813330E+003   ;
           6.0000001E-003   2.0991597E+003   ;
           6.0402001E-003   1.2478530E+003   ;
           6.0802000E-003   1.7562897E+003   ;
           6.1201998E-003   5.3654340E+002   ;
           6.1602001E-003  -1.1576255E+002   ;
           6.2001999E-003  -1.2206184E+002   ;
           6.2401998E-003  -6.8345990E+002   ;
           6.2802001E-003  -1.2654165E+003   ;
           6.3200002E-003  -1.3989946E+003   ;
           6.3601998E-003  -2.6993528E+003   ;
           6.4002001E-003  -2.7097097E+003   ;
           6.4401999E-003  -3.0425957E+003   ;
           6.4802002E-003  -3.4236406E+003   ;
           6.5202001E-003  -4.0497092E+003   ;
           6.5601999E-003  -4.0448811E+003   ;
           6.6002002E-003  -4.9865669E+003   ;
           6.6402000E-003  -4.4487192E+003   ;
           6.6801999E-003  -5.1111338E+003   ;
           6.7202002E-003  -5.6573276E+003   ;
