abaqus_sigma_yy = [
           0.0000000E+000   0.0000000E+000   ;
           4.0200001E-005   4.4702139E-002   ;
           8.0200000E-005   4.2811644E-001   ;
           1.2020000E-004   1.7342921E+000   ;
           1.6020000E-004   4.8198576E+000   ;
           2.0020000E-004   1.1132146E+001   ;
           2.4020000E-004   2.2659422E+001   ;
           2.8020001E-004   4.1110123E+001   ;
           3.2019999E-004   6.7380814E+001   ;
           3.6020001E-004   1.0292274E+002   ;
           4.0019999E-004   1.5202240E+002   ;
           4.4020000E-004   2.2098877E+002   ;
           4.8019999E-004   3.1341083E+002   ;
           5.2020000E-004   4.2806180E+002   ;
           5.6020002E-004   5.6471399E+002   ;
           6.0019997E-004   7.3212372E+002   ;
           6.4019999E-004   9.4529974E+002   ;
           6.8020000E-004   1.2115095E+003   ;
           7.2020001E-004   1.5237522E+003   ;
           7.6020003E-004   1.8749387E+003   ;
           8.0019998E-004   2.2777102E+003   ;
           8.4019999E-004   2.7612139E+003   ;
           8.8020001E-004   3.3425710E+003   ;
           9.2020002E-004   4.0084822E+003   ;
           9.6019998E-004   4.7370195E+003   ;
           1.0000000E-003   5.5333394E+003   ;
           1.0402000E-003   6.4615483E+003   ;
           1.0800000E-003   7.5431143E+003   ;
           1.1202000E-003   8.7858438E+003   ;
           1.1600000E-003   1.0123772E+004   ;
           1.2001999E-003   1.1579945E+004   ;
           1.2400000E-003   1.3192999E+004   ;
           1.2802000E-003   1.5086758E+004   ;
           1.3202000E-003   1.7248637E+004   ;
           1.3602000E-003   1.9625938E+004   ;
           1.4002000E-003   2.2187492E+004   ;
           1.4402000E-003   2.5026277E+004   ;
           1.4802000E-003   2.8309555E+004   ;
           1.5202001E-003   3.2129244E+004   ;
           1.5602000E-003   3.6439805E+004   ;
           1.6002000E-003   4.1184762E+004   ;
           1.6402000E-003   4.6473781E+004   ;
           1.6802000E-003   5.2581316E+004   ;
           1.7201999E-003   5.9740914E+004   ;
           1.7602000E-003   6.7978711E+004   ;
           1.8002000E-003   7.7213203E+004   ;
           1.8402000E-003   8.7523750E+004   ;
           1.8802000E-003   9.9247320E+004   ;
           1.9202000E-003   1.1274116E+005   ;
           1.9602000E-003   1.2806902E+005   ;
           2.0000001E-003   1.4491431E+005   ;
           2.0401999E-003   1.6119959E+005   ;
           2.0802000E-003   1.7908959E+005   ;
           2.1202001E-003   1.9889770E+005   ;
           2.1599999E-003   2.2001188E+005   ;
           2.2002000E-003   2.4203530E+005   ;
           2.2402001E-003   2.6308175E+005   ;
           2.2801999E-003   2.8341459E+005   ;
           2.3200000E-003   3.0329050E+005   ;
           2.3602000E-003   3.2149209E+005   ;
           2.4002001E-003   3.3699744E+005   ;
           2.4402000E-003   3.2843847E+005   ;
           2.4800000E-003   3.0403075E+005   ;
           2.5202001E-003   3.2266997E+005   ;
           2.5601999E-003   2.7864925E+005   ;
           2.6002000E-003   3.8919491E+005   ;
           2.6402001E-003   4.6016347E+005   ;
           2.6799999E-003   3.8743559E+005   ;
           2.7202000E-003   9.8943742E+004   ;
           2.7602001E-003   3.9733963E+005   ;
           2.8001999E-003   4.1190722E+005   ;
           2.8400000E-003   1.7506964E+005   ;
           2.8802000E-003   1.2170679E+005   ;
           2.9201999E-003   2.8955178E+005   ;
           2.9602000E-003   2.5636891E+005   ;
           3.0000000E-003   1.8890548E+005   ;
           3.0402001E-003   2.3763692E+005   ;
           3.0801999E-003   1.9672570E+005   ;
           3.1202000E-003   1.4547031E+005   ;
           3.1600001E-003   3.0600801E+004   ;
           3.2001999E-003   1.7448839E+005   ;
           3.2402000E-003   1.1286839E+005   ;
           3.2802001E-003   2.9650336E+004   ;
           3.3201999E-003   2.0692441E+005   ;
           3.3602000E-003   2.1264813E+005   ;
           3.4002000E-003  -2.4965105E+004   ;
           3.4401999E-003  -2.5301043E+004   ;
           3.4802000E-003   1.6512892E+005   ;
           3.5202000E-003   1.1495584E+005   ;
           3.5602001E-003  -1.0654665E+005   ;
           3.6001999E-003   3.3799598E+004   ;
           3.6402000E-003   1.3864784E+005   ;
           3.6802001E-003   1.3155978E+005   ;
           3.7201999E-003  -3.8288355E+004   ;
           3.7602000E-003   8.6054719E+004   ;
           3.8002001E-003   1.1329534E+004   ;
           3.8401999E-003  -1.2546060E+005   ;
           3.8802000E-003   1.7259096E+004   ;
           3.9201998E-003   2.0976933E+005   ;
           3.9599999E-003   2.9678514E+004   ;
           4.0000002E-003  -1.5385256E+005   ;
           4.0400000E-003   1.4911014E+005   ;
           4.0802001E-003   6.8131078E+004   ;
           4.1201999E-003   2.8219887E+004   ;
           4.1601998E-003  -8.9892070E+004   ;
           4.2002001E-003  -9.4321348E+003   ;
           4.2401999E-003   8.5474945E+004   ;
           4.2800000E-003  -7.6216294E+003   ;
           4.3199998E-003   1.5716333E+005   ;
           4.3600001E-003   1.6092508E+005   ;
           4.4002002E-003  -2.0624300E+005   ;
           4.4402000E-003   5.6723832E+004   ;
           4.4801999E-003   1.5138600E+005   ;
           4.5202002E-003   6.5484023E+004   ;
           4.5602000E-003  -8.4572156E+004   ;
           4.6001999E-003   1.3825078E+005   ;
           4.6399999E-003   1.1691935E+005   ;
           4.6799998E-003   1.3678339E+005   ;
           4.7201999E-003   4.9054832E+004   ;
           4.7602002E-003   2.0519711E+005   ;
           4.8002000E-003   1.0725345E+005   ;
           4.8401998E-003   1.4973409E+005   ;
           4.8802001E-003   9.5759164E+004   ;
           4.9202000E-003   1.4267159E+005   ;
           4.9600000E-003   1.7883978E+005   ;
           4.9999999E-003   1.3496409E+005   ;
           5.0402000E-003   1.5487284E+005   ;
           5.0801998E-003   2.9255113E+005   ;
           5.1202001E-003   1.2016093E+005   ;
           5.1601999E-003   1.5854111E+005   ;
           5.2001998E-003   1.3902716E+005   ;
           5.2402001E-003   2.6226947E+005   ;
           5.2801999E-003   2.1973578E+005   ;
           5.3200000E-003   2.3675391E+005   ;
           5.3599998E-003   1.0080453E+005   ;
           5.4001999E-003   3.4250113E+005   ;
           5.4402002E-003   3.4271556E+005   ;
           5.4802001E-003   2.2239434E+005   ;
           5.5201999E-003   3.8833366E+005   ;
           5.5602002E-003   2.2602792E+005   ;
           5.6002000E-003   2.4304569E+005   ;
           5.6400001E-003   6.2546250E+004   ;
           5.6799999E-003   1.0273988E+005   ;
           5.7202000E-003   3.0186975E+005   ;
           5.7601999E-003   1.9454347E+005   ;
           5.8002002E-003   3.1009594E+005   ;
           5.8402000E-003   1.7304809E+005   ;
           5.8801998E-003   1.4525667E+005   ;
           5.9202001E-003   1.3152467E+005   ;
           5.9602000E-003   1.5163458E+005   ;
           6.0000001E-003   1.4141517E+005   ;
           6.0402001E-003   5.2743008E+004   ;
           6.0802000E-003   2.4094798E+005   ;
           6.1201998E-003   1.1324825E+005   ;
           6.1602001E-003   7.4549531E+004   ;
           6.2001999E-003   1.3760228E+005   ;
           6.2401998E-003   9.6353414E+004   ;
           6.2802001E-003   6.9475461E+004   ;
           6.3200002E-003   1.4290641E+005   ;
           6.3601998E-003  -1.2606458E+004   ;
           6.4002001E-003   5.4433766E+004   ;
           6.4401999E-003   4.5241066E+004   ;
           6.4802002E-003   3.3207102E+004   ;
           6.5202001E-003  -1.0720560E+004   ;
           6.5601999E-003   6.6953602E+004   ;
           6.6002002E-003  -5.7998336E+004   ;
           6.6402000E-003   7.6349211E+004   ;
           6.6801999E-003  -2.7866277E+004   ;
           6.7202002E-003  -9.8338742E+004   ;
