abaqus_uy = [
           0.0000000E+000   0.0000000E+000   ;
           4.0200001E-005  -5.5832178E-008   ;
           8.0200000E-005  -3.7179754E-007   ;
           1.2020000E-004  -1.2091086E-006   ;
           1.6020000E-004  -2.8310380E-006   ;
           2.0020000E-004  -5.5000933E-006   ;
           2.4020000E-004  -9.4760962E-006   ;
           2.8020001E-004  -1.5017436E-005   ;
           3.2019999E-004  -2.2384020E-005   ;
           3.6020001E-004  -3.1838415E-005   ;
           4.0019999E-004  -4.3643842E-005   ;
           4.4020000E-004  -5.8061389E-005   ;
           4.8019999E-004  -7.5349737E-005   ;
           5.2020000E-004  -9.5767726E-005   ;
           5.6020002E-004  -1.1957673E-004   ;
           6.0019997E-004  -1.4703994E-004   ;
           6.4019999E-004  -1.7841955E-004   ;
           6.8020000E-004  -2.1397487E-004   ;
           7.2020001E-004  -2.5396390E-004   ;
           7.6020003E-004  -2.9864607E-004   ;
           8.0019998E-004  -3.4828318E-004   ;
           8.4019999E-004  -4.0313680E-004   ;
           8.8020001E-004  -4.6346564E-004   ;
           9.2020002E-004  -5.2952510E-004   ;
           9.6019998E-004  -6.0156966E-004   ;
           1.0000000E-003  -6.7944720E-004   ;
           1.0402000E-003  -7.6463458E-004   ;
           1.0800000E-003  -8.5568475E-004   ;
           1.1202000E-003  -9.5467252E-004   ;
           1.1600000E-003  -1.0598634E-003   ;
           1.2001999E-003  -1.1736045E-003   ;
           1.2400000E-003  -1.2938563E-003   ;
           1.2802000E-003  -1.4232511E-003   ;
           1.3202000E-003  -1.5601151E-003   ;
           1.3602000E-003  -1.7052501E-003   ;
           1.4002000E-003  -1.8588137E-003   ;
           1.4402000E-003  -2.0209397E-003   ;
           1.4802000E-003  -2.1917326E-003   ;
           1.5202001E-003  -2.3712579E-003   ;
           1.5602000E-003  -2.5595333E-003   ;
           1.6002000E-003  -2.7565241E-003   ;
           1.6402000E-003  -2.9621366E-003   ;
           1.6802000E-003  -3.1762088E-003   ;
           1.7201999E-003  -3.3984992E-003   ;
           1.7602000E-003  -3.6286728E-003   ;
           1.8002000E-003  -3.8662918E-003   ;
           1.8402000E-003  -4.1108094E-003   ;
           1.8802000E-003  -4.3615629E-003   ;
           1.9202000E-003  -4.6177637E-003   ;
           1.9602000E-003  -4.8784916E-003   ;
           2.0000001E-003  -5.1413639E-003   ;
           2.0401999E-003  -5.4091248E-003   ;
           2.0802000E-003  -5.6762872E-003   ;
           2.1202001E-003  -5.9425165E-003   ;
           2.1599999E-003  -6.2047583E-003   ;
           2.2002000E-003  -6.4651365E-003   ;
           2.2402001E-003  -6.7179105E-003   ;
           2.2801999E-003  -6.9626006E-003   ;
           2.3200000E-003  -7.1963496E-003   ;
           2.3602000E-003  -7.4210102E-003   ;
           2.4002001E-003  -7.6317177E-003   ;
           2.4402000E-003  -7.8284051E-003   ;
           2.4800000E-003  -8.0095418E-003   ;
           2.5202001E-003  -8.1774630E-003   ;
           2.5601999E-003  -8.3295442E-003   ;
           2.6002000E-003  -8.4670074E-003   ;
           2.6402001E-003  -8.5900566E-003   ;
           2.6799999E-003  -8.6983917E-003   ;
           2.7202000E-003  -8.7936921E-003   ;
           2.7602001E-003  -8.8756010E-003   ;
           2.8001999E-003  -8.9457547E-003   ;
           2.8400000E-003  -9.0051666E-003   ;
           2.8802000E-003  -9.0561742E-003   ;
           2.9201999E-003  -9.0989126E-003   ;
           2.9602000E-003  -9.1345273E-003   ;
           3.0000000E-003  -9.1644488E-003   ;
           3.0402001E-003  -9.1900909E-003   ;
           3.0801999E-003  -9.2120087E-003   ;
           3.1202000E-003  -9.2317574E-003   ;
           3.1600001E-003  -9.2502572E-003   ;
           3.2001999E-003  -9.2692440E-003   ;
           3.2402000E-003  -9.2892032E-003   ;
           3.2802001E-003  -9.3106236E-003   ;
           3.3201999E-003  -9.3342783E-003   ;
           3.3602000E-003  -9.3605369E-003   ;
           3.4002000E-003  -9.3900478E-003   ;
           3.4401999E-003  -9.4238622E-003   ;
           3.4802000E-003  -9.4624786E-003   ;
           3.5202000E-003  -9.5062954E-003   ;
           3.5602001E-003  -9.5561836E-003   ;
           3.6001999E-003  -9.6123293E-003   ;
           3.6402000E-003  -9.6749337E-003   ;
           3.6802001E-003  -9.7442642E-003   ;
           3.7201999E-003  -9.8204045E-003   ;
           3.7602000E-003  -9.9043185E-003   ;
           3.8002001E-003  -9.9962940E-003   ;
           3.8401999E-003  -1.0096683E-002   ;
           3.8802000E-003  -1.0206038E-002   ;
           3.9201998E-003  -1.0324133E-002   ;
           3.9599999E-003  -1.0450216E-002   ;
           4.0000002E-003  -1.0585777E-002   ;
           4.0400000E-003  -1.0730144E-002   ;
           4.0802001E-003  -1.0884028E-002   ;
           4.1201999E-003  -1.1046267E-002   ;
           4.1601998E-003  -1.1217427E-002   ;
           4.2002001E-003  -1.1397582E-002   ;
           4.2401999E-003  -1.1586308E-002   ;
           4.2800000E-003  -1.1781776E-002   ;
           4.3199998E-003  -1.1985822E-002   ;
           4.3600001E-003  -1.2196698E-002   ;
           4.4002002E-003  -1.2415125E-002   ;
           4.4402000E-003  -1.2638953E-002   ;
           4.4801999E-003  -1.2868396E-002   ;
           4.5202002E-003  -1.3102783E-002   ;
           4.5602000E-003  -1.3341480E-002   ;
           4.6001999E-003  -1.3583331E-002   ;
           4.6399999E-003  -1.3825827E-002   ;
           4.6799998E-003  -1.4070922E-002   ;
           4.7201999E-003  -1.4317790E-002   ;
           4.7602002E-003  -1.4563039E-002   ;
           4.8002000E-003  -1.4806943E-002   ;
           4.8401998E-003  -1.5048788E-002   ;
           4.8802001E-003  -1.5287886E-002   ;
           4.9202000E-003  -1.5523561E-002   ;
           4.9600000E-003  -1.5753848E-002   ;
           4.9999999E-003  -1.5980231E-002   ;
           5.0402000E-003  -1.6201893E-002   ;
           5.0801998E-003  -1.6415980E-002   ;
           5.1202001E-003  -1.6622953E-002   ;
           5.1601999E-003  -1.6822539E-002   ;
           5.2001998E-003  -1.7014200E-002   ;
           5.2402001E-003  -1.7197540E-002   ;
           5.2801999E-003  -1.7372100E-002   ;
           5.3200000E-003  -1.7536856E-002   ;
           5.3599998E-003  -1.7693106E-002   ;
           5.4001999E-003  -1.7840523E-002   ;
           5.4402002E-003  -1.7977266E-002   ;
           5.4802001E-003  -1.8103706E-002   ;
           5.5201999E-003  -1.8219694E-002   ;
           5.5602002E-003  -1.8325415E-002   ;
           5.6002000E-003  -1.8421870E-002   ;
           5.6400001E-003  -1.8509012E-002   ;
           5.6799999E-003  -1.8588448E-002   ;
           5.7202000E-003  -1.8660529E-002   ;
           5.7601999E-003  -1.8724643E-002   ;
           5.8002002E-003  -1.8781461E-002   ;
           5.8402000E-003  -1.8831385E-002   ;
           5.8801998E-003  -1.8875146E-002   ;
           5.9202001E-003  -1.8913455E-002   ;
           5.9602000E-003  -1.8947555E-002   ;
           6.0000001E-003  -1.8978013E-002   ;
           6.0402001E-003  -1.9005945E-002   ;
           6.0802000E-003  -1.9031055E-002   ;
           6.1201998E-003  -1.9053951E-002   ;
           6.1602001E-003  -1.9075759E-002   ;
           6.2001999E-003  -1.9097395E-002   ;
           6.2401998E-003  -1.9119503E-002   ;
           6.2802001E-003  -1.9142710E-002   ;
           6.3200002E-003  -1.9167675E-002   ;
           6.3601998E-003  -1.9195691E-002   ;
           6.4002001E-003  -1.9227263E-002   ;
           6.4401999E-003  -1.9263200E-002   ;
           6.4802002E-003  -1.9304140E-002   ;
           6.5202001E-003  -1.9350719E-002   ;
           6.5601999E-003  -1.9403586E-002   ;
           6.6002002E-003  -1.9463234E-002   ;
           6.6402000E-003  -1.9530140E-002   ;
           6.6801999E-003  -1.9604731E-002   ;
           6.7202002E-003  -1.9687543E-002   ;
