abaqus_load = [
           0.0000000E+000   0.0000000E+000    ;
           4.0200001E-005  -4.0200001E+001    ;
           8.0200000E-005  -8.0199997E+001    ;
           1.2020000E-004  -1.2020000E+002    ;
           1.6020000E-004  -1.6020000E+002    ;
           2.0020000E-004  -2.0020000E+002    ;
           2.4020000E-004  -2.4020000E+002    ;
           2.8020001E-004  -2.8020001E+002    ;
           3.2019999E-004  -3.2020001E+002    ;
           3.6020001E-004  -3.6020001E+002    ;
           4.0019999E-004  -4.0020001E+002    ;
           4.4020000E-004  -4.4020001E+002    ;
           4.8019999E-004  -4.8020001E+002    ;
           5.2020000E-004  -5.2020001E+002    ;
           5.6020002E-004  -5.6020001E+002    ;
           6.0019997E-004  -6.0020001E+002    ;
           6.4019999E-004  -6.4020001E+002    ;
           6.8020000E-004  -6.8020001E+002    ;
           7.2020001E-004  -7.2020001E+002    ;
           7.6020003E-004  -7.6020001E+002    ;
           8.0019998E-004  -8.0020001E+002    ;
           8.4019999E-004  -8.4020001E+002    ;
           8.8020001E-004  -8.8020001E+002    ;
           9.2020002E-004  -9.2020001E+002    ;
           9.6019998E-004  -9.6020001E+002    ;
           1.0000000E-003  -1.0000000E+003    ;
           1.0402000E-003  -1.0402000E+003    ;
           1.0800000E-003  -1.0800000E+003    ;
           1.1202000E-003  -1.1202000E+003    ;
           1.1600000E-003  -1.1600000E+003    ;
           1.2001999E-003  -1.2002000E+003    ;
           1.2400000E-003  -1.2400000E+003    ;
           1.2802000E-003  -1.2802000E+003    ;
           1.3202000E-003  -1.3202000E+003    ;
           1.3602000E-003  -1.3602000E+003    ;
           1.4002000E-003  -1.4002000E+003    ;
           1.4402000E-003  -1.4402000E+003    ;
           1.4802000E-003  -1.4802000E+003    ;
           1.5202001E-003  -1.5202000E+003    ;
           1.5602000E-003  -1.5602000E+003    ;
           1.6002000E-003  -1.6002000E+003    ;
           1.6402000E-003  -1.6402000E+003    ;
           1.6802000E-003  -1.6802000E+003    ;
           1.7201999E-003  -1.7202000E+003    ;
           1.7602000E-003  -1.7602000E+003    ;
           1.8002000E-003  -1.8002000E+003    ;
           1.8402000E-003  -1.8402000E+003    ;
           1.8802000E-003  -1.8802000E+003    ;
           1.9202000E-003  -1.9202000E+003    ;
           1.9602000E-003  -1.9602000E+003    ;
           2.0000001E-003  -2.0000000E+003    ;
           2.0401999E-003  -2.0000000E+003    ;
           2.0802000E-003  -2.0000000E+003    ;
           2.1202001E-003  -2.0000000E+003    ;
           2.1599999E-003  -2.0000000E+003    ;
           2.2002000E-003  -2.0000000E+003    ;
           2.2402001E-003  -2.0000000E+003    ;
           2.2801999E-003  -2.0000000E+003    ;
           2.3200000E-003  -2.0000000E+003    ;
           2.3602000E-003  -2.0000000E+003    ;
           2.4002001E-003  -2.0000000E+003    ;
           2.4402000E-003  -2.0000000E+003    ;
           2.4800000E-003  -2.0000000E+003    ;
           2.5202001E-003  -2.0000000E+003    ;
           2.5601999E-003  -2.0000000E+003    ;
           2.6002000E-003  -2.0000000E+003    ;
           2.6402001E-003  -2.0000000E+003    ;
           2.6799999E-003  -2.0000000E+003    ;
           2.7202000E-003  -2.0000000E+003    ;
           2.7602001E-003  -2.0000000E+003    ;
           2.8001999E-003  -2.0000000E+003    ;
           2.8400000E-003  -2.0000000E+003    ;
           2.8802000E-003  -2.0000000E+003    ;
           2.9201999E-003  -2.0000000E+003    ;
           2.9602000E-003  -2.0000000E+003    ;
           3.0000000E-003  -2.0000000E+003    ;
           3.0402001E-003  -2.0000000E+003    ;
           3.0801999E-003  -2.0000000E+003    ;
           3.1202000E-003  -2.0000000E+003    ;
           3.1600001E-003  -2.0000000E+003    ;
           3.2001999E-003  -2.0000000E+003    ;
           3.2402000E-003  -2.0000000E+003    ;
           3.2802001E-003  -2.0000000E+003    ;
           3.3201999E-003  -2.0000000E+003    ;
           3.3602000E-003  -2.0000000E+003    ;
           3.4002000E-003  -2.0000000E+003    ;
           3.4401999E-003  -2.0000000E+003    ;
           3.4802000E-003  -2.0000000E+003    ;
           3.5202000E-003  -2.0000000E+003    ;
           3.5602001E-003  -2.0000000E+003    ;
           3.6001999E-003  -2.0000000E+003    ;
           3.6402000E-003  -2.0000000E+003    ;
           3.6802001E-003  -2.0000000E+003    ;
           3.7201999E-003  -2.0000000E+003    ;
           3.7602000E-003  -2.0000000E+003    ;
           3.8002001E-003  -2.0000000E+003    ;
           3.8401999E-003  -2.0000000E+003    ;
           3.8802000E-003  -2.0000000E+003    ;
           3.9201998E-003  -2.0000000E+003    ;
           3.9599999E-003  -2.0000000E+003    ;
           4.0000002E-003  -2.0000000E+003    ;
           4.0400000E-003  -2.0000000E+003    ;
           4.0802001E-003  -2.0000000E+003    ;
           4.1201999E-003  -2.0000000E+003    ;
           4.1601998E-003  -2.0000000E+003    ;
           4.2002001E-003  -2.0000000E+003    ;
           4.2401999E-003  -2.0000000E+003    ;
           4.2800000E-003  -2.0000000E+003    ;
           4.3199998E-003  -2.0000000E+003    ;
           4.3600001E-003  -2.0000000E+003    ;
           4.4002002E-003  -2.0000000E+003    ;
           4.4402000E-003  -2.0000000E+003    ;
           4.4801999E-003  -2.0000000E+003    ;
           4.5202002E-003  -2.0000000E+003    ;
           4.5602000E-003  -2.0000000E+003    ;
           4.6001999E-003  -2.0000000E+003    ;
           4.6399999E-003  -2.0000000E+003    ;
           4.6799998E-003  -2.0000000E+003    ;
           4.7201999E-003  -2.0000000E+003    ;
           4.7602002E-003  -2.0000000E+003    ;
           4.8002000E-003  -2.0000000E+003    ;
           4.8401998E-003  -2.0000000E+003    ;
           4.8802001E-003  -2.0000000E+003    ;
           4.9202000E-003  -2.0000000E+003    ;
           4.9600000E-003  -2.0000000E+003    ;
           4.9999999E-003  -2.0000000E+003    ;
           5.0402000E-003  -2.0000000E+003    ;
           5.0801998E-003  -2.0000000E+003    ;
           5.1202001E-003  -2.0000000E+003    ;
           5.1601999E-003  -2.0000000E+003    ;
           5.2001998E-003  -2.0000000E+003    ;
           5.2402001E-003  -2.0000000E+003    ;
           5.2801999E-003  -2.0000000E+003    ;
           5.3200000E-003  -2.0000000E+003    ;
           5.3599998E-003  -2.0000000E+003    ;
           5.4001999E-003  -2.0000000E+003    ;
           5.4402002E-003  -2.0000000E+003    ;
           5.4802001E-003  -2.0000000E+003    ;
           5.5201999E-003  -2.0000000E+003    ;
           5.5602002E-003  -2.0000000E+003    ;
           5.6002000E-003  -2.0000000E+003    ;
           5.6400001E-003  -2.0000000E+003    ;
           5.6799999E-003  -2.0000000E+003    ;
           5.7202000E-003  -2.0000000E+003    ;
           5.7601999E-003  -2.0000000E+003    ;
           5.8002002E-003  -2.0000000E+003    ;
           5.8402000E-003  -2.0000000E+003    ;
           5.8801998E-003  -2.0000000E+003    ;
           5.9202001E-003  -2.0000000E+003    ;
           5.9602000E-003  -2.0000000E+003    ;
           6.0000001E-003  -2.0000000E+003    ;
           6.0402001E-003  -2.0000000E+003    ;
           6.0802000E-003  -2.0000000E+003    ;
           6.1201998E-003  -2.0000000E+003    ;
           6.1602001E-003  -2.0000000E+003    ;
           6.2001999E-003  -2.0000000E+003    ;
           6.2401998E-003  -2.0000000E+003    ;
           6.2802001E-003  -2.0000000E+003    ;
           6.3200002E-003  -2.0000000E+003    ;
           6.3601998E-003  -2.0000000E+003    ;
           6.4002001E-003  -2.0000000E+003    ;
           6.4401999E-003  -2.0000000E+003    ;
           6.4802002E-003  -2.0000000E+003    ;
           6.5202001E-003  -2.0000000E+003    ;
           6.5601999E-003  -2.0000000E+003    ;
           6.6002002E-003  -2.0000000E+003    ;
