abaqus_sigma_xy = [
           0.0000000E+000   0.0000000E+000    ;
           4.0200001E-005  -3.7786508E+004    ;
           8.0200000E-005  -6.8908578E+004    ;
           1.2020000E-004  -9.4406078E+004    ;
           1.6020000E-004  -1.2198102E+005    ;
           2.0020000E-004  -1.5687473E+005    ;
           2.4020000E-004  -1.9565970E+005    ;
           2.8020001E-004  -2.3029938E+005    ;
           3.2019999E-004  -2.5766720E+005    ;
           3.6020001E-004  -2.8325013E+005    ;
           4.0019999E-004  -3.1464950E+005    ;
           4.4020000E-004  -3.5257800E+005    ;
           4.8019999E-004  -3.9001594E+005    ;
           5.2020000E-004  -4.2052691E+005    ;
           5.6020002E-004  -4.4588319E+005    ;
           6.0019997E-004  -4.7396903E+005    ;
           6.4019999E-004  -5.0944597E+005    ;
           6.8020000E-004  -5.4823719E+005    ;
           7.2020001E-004  -5.8236500E+005    ;
           7.6020003E-004  -6.0941250E+005    ;
           8.0019998E-004  -6.3540319E+005    ;
           8.4019999E-004  -6.6768994E+005    ;
           8.8020001E-004  -7.0627719E+005    ;
           9.2020002E-004  -7.4385850E+005    ;
           9.6019998E-004  -7.7452669E+005    ;
           1.0000000E-003  -8.0053569E+005    ;
           1.0402000E-003  -8.3089869E+005    ;
           1.0800000E-003  -8.6882438E+005    ;
           1.1202000E-003  -9.1013356E+005    ;
           1.1600000E-003  -9.4684475E+005    ;
           1.2001999E-003  -9.7821581E+005    ;
           1.2400000E-003  -1.0100206E+006    ;
           1.2802000E-003  -1.0506240E+006    ;
           1.3202000E-003  -1.0988645E+006    ;
           1.3602000E-003  -1.1478751E+006    ;
           1.4002000E-003  -1.1927864E+006    ;
           1.4402000E-003  -1.2374388E+006    ;
           1.4802000E-003  -1.2906171E+006    ;
           1.5202001E-003  -1.3565430E+006    ;
           1.5602000E-003  -1.4308934E+006    ;
           1.6002000E-003  -1.5070591E+006    ;
           1.6402000E-003  -1.5852163E+006    ;
           1.6802000E-003  -1.6734498E+006    ;
           1.7201999E-003  -1.7795788E+006    ;
           1.7602000E-003  -1.9033385E+006    ;
           1.8002000E-003  -2.0381296E+006    ;
           1.8402000E-003  -2.1801855E+006    ;
           1.8802000E-003  -2.3342065E+006    ;
           1.9202000E-003  -2.5086973E+006    ;
           1.9602000E-003  -2.7064350E+006    ;
           2.0000001E-003  -2.9202533E+006    ;
           2.0401999E-003  -3.1069200E+006    ;
           2.0802000E-003  -3.3055913E+006    ;
           2.1202001E-003  -3.5205598E+006    ;
           2.1599999E-003  -3.7456630E+006    ;
           2.2002000E-003  -3.9721050E+006    ;
           2.2402001E-003  -4.1873850E+006    ;
           2.2801999E-003  -4.3903540E+006    ;
           2.3200000E-003  -4.5816900E+006    ;
           2.3602000E-003  -4.7609170E+006    ;
           2.4002001E-003  -4.9145970E+006    ;
           2.4402000E-003  -5.0313230E+006    ;
           2.4800000E-003  -5.0370655E+006    ;
           2.5202001E-003  -5.0167760E+006    ;
           2.5601999E-003  -4.9993595E+006    ;
           2.6002000E-003  -4.9616595E+006    ;
           2.6402001E-003  -4.8977890E+006    ;
           2.6799999E-003  -4.8598265E+006    ;
           2.7202000E-003  -4.7872820E+006    ;
           2.7602001E-003  -4.6231590E+006    ;
           2.8001999E-003  -4.4674055E+006    ;
           2.8400000E-003  -4.3412870E+006    ;
           2.8802000E-003  -4.2225260E+006    ;
           2.9201999E-003  -4.0517123E+006    ;
           2.9602000E-003  -3.8694430E+006    ;
           3.0000000E-003  -3.7251445E+006    ;
           3.0402001E-003  -3.5944608E+006    ;
           3.0801999E-003  -3.4755068E+006    ;
           3.1202000E-003  -3.3216873E+006    ;
           3.1600001E-003  -3.2031000E+006    ;
           3.2001999E-003  -3.1207093E+006    ;
           3.2402000E-003  -3.0261508E+006    ;
           3.2802001E-003  -2.9250008E+006    ;
           3.3201999E-003  -2.8125115E+006    ;
           3.3602000E-003  -2.7407640E+006    ;
           3.4002000E-003  -2.7028825E+006    ;
           3.4401999E-003  -2.6446398E+006    ;
           3.4802000E-003  -2.5673828E+006    ;
           3.5202000E-003  -2.4921280E+006    ;
           3.5602001E-003  -2.4280450E+006    ;
           3.6001999E-003  -2.3976290E+006    ;
           3.6402000E-003  -2.3673535E+006    ;
           3.6802001E-003  -2.3190603E+006    ;
           3.7201999E-003  -2.2513935E+006    ;
           3.7602000E-003  -2.1912725E+006    ;
           3.8002001E-003  -2.1741860E+006    ;
           3.8401999E-003  -2.1773093E+006    ;
           3.8802000E-003  -2.1591378E+006    ;
           3.9201998E-003  -2.1099335E+006    ;
           3.9599999E-003  -2.0691958E+006    ;
           4.0000002E-003  -2.0743079E+006    ;
           4.0400000E-003  -2.1076225E+006    ;
           4.0802001E-003  -2.1349963E+006    ;
           4.1201999E-003  -2.1281533E+006    ;
           4.1601998E-003  -2.1230763E+006    ;
           4.2002001E-003  -2.1525760E+006    ;
           4.2401999E-003  -2.2138748E+006    ;
           4.2800000E-003  -2.2874575E+006    ;
           4.3199998E-003  -2.3293238E+006    ;
           4.3600001E-003  -2.3657158E+006    ;
           4.4002002E-003  -2.4244155E+006    ;
           4.4402000E-003  -2.5131788E+006    ;
           4.4801999E-003  -2.6295453E+006    ;
           4.5202002E-003  -2.7325865E+006    ;
           4.5602000E-003  -2.8122405E+006    ;
           4.6001999E-003  -2.8974853E+006    ;
           4.6399999E-003  -3.0052453E+006    ;
           4.6799998E-003  -3.1296768E+006    ;
           4.7201999E-003  -3.2489705E+006    ;
           4.7602002E-003  -3.3462250E+006    ;
           4.8002000E-003  -3.4275495E+006    ;
           4.8401998E-003  -3.5235865E+006    ;
           4.8802001E-003  -3.6373763E+006    ;
           4.9202000E-003  -3.7559585E+006    ;
           4.9600000E-003  -3.8525468E+006    ;
           4.9999999E-003  -3.9214925E+006    ;
           5.0402000E-003  -3.9867550E+006    ;
           5.0801998E-003  -4.0615030E+006    ;
           5.1202001E-003  -4.1434945E+006    ;
           5.1601999E-003  -4.2143925E+006    ;
           5.2001998E-003  -4.2570295E+006    ;
           5.2402001E-003  -4.2849935E+006    ;
           5.2801999E-003  -4.3118030E+006    ;
           5.3200000E-003  -4.3560975E+006    ;
           5.3599998E-003  -4.3939525E+006    ;
           5.4001999E-003  -4.4096440E+006    ;
           5.4402002E-003  -4.3916610E+006    ;
           5.4802001E-003  -4.3670045E+006    ;
           5.5201999E-003  -4.3559145E+006    ;
           5.5602002E-003  -4.3570780E+006    ;
           5.6002000E-003  -4.3211985E+006    ;
           5.6400001E-003  -4.2714455E+006    ;
           5.6799999E-003  -4.2018140E+006    ;
           5.7202000E-003  -4.1207015E+006    ;
           5.7601999E-003  -4.0569898E+006    ;
           5.8002002E-003  -3.9995633E+006    ;
           5.8402000E-003  -3.9235695E+006    ;
           5.8801998E-003  -3.8277773E+006    ;
           5.9202001E-003  -3.7368198E+006    ;
           5.9602000E-003  -3.6627350E+006    ;
           6.0000001E-003  -3.6092430E+006    ;
           6.0402001E-003  -3.5241158E+006    ;
           6.0802000E-003  -3.4185658E+006    ;
           6.1201998E-003  -3.3008300E+006    ;
           6.1602001E-003  -3.2033458E+006    ;
           6.2001999E-003  -3.1288900E+006    ;
           6.2401998E-003  -3.0532173E+006    ;
           6.2802001E-003  -2.9585268E+006    ;
           6.3200002E-003  -2.8492008E+006    ;
           6.3601998E-003  -2.7458295E+006    ;
           6.4002001E-003  -2.6691433E+006    ;
           6.4401999E-003  -2.6078610E+006    ;
           6.4802002E-003  -2.5403425E+006    ;
           6.5202001E-003  -2.4573370E+006    ;
           6.5601999E-003  -2.3751203E+006    ;
           6.6002002E-003  -2.3135980E+006    ;
