abaqus_equiv_pstrain = [
           0.0000000E+000   0.0000000E+000    ;
           1.5000100E-004   1.0363711E-003    ;
           3.0000199E-004   2.6459612E-003    ;
           4.5000299E-004   4.6027135E-003    ;
           6.0000399E-004   6.2511442E-003    ;
           7.5000501E-004   7.3650363E-003    ;
           9.0000598E-004   8.4694400E-003    ;
           1.0500069E-003   1.0101431E-002    ;
           1.2000080E-003   1.2053397E-002    ;
           1.3500090E-003   1.3659369E-002    ;
           1.5000100E-003   1.4741364E-002    ;
           1.6500111E-003   1.5862148E-002    ;
           1.8000120E-003   1.7527910E-002    ;
           1.9500130E-003   1.9467775E-002    ;
           2.1000139E-003   2.1015817E-002    ;
           2.2500150E-003   2.2060018E-002    ;
           2.4000159E-003   2.3205267E-002    ;
           2.5500171E-003   2.4910590E-002    ;
           2.7000180E-003   2.6831280E-002    ;
           2.8500189E-003   2.8309101E-002    ;
           3.0000200E-003   2.9316735E-002    ;
           3.1500210E-003   3.0500149E-002    ;
           3.3000221E-003   3.2251101E-002    ;
           3.4500230E-003   3.4141600E-002    ;
           3.6000239E-003   3.5537351E-002    ;
           3.7500251E-003   3.6514174E-002    ;
           3.9000260E-003   3.7751481E-002    ;
           4.0500271E-003   3.9550345E-002    ;
           4.2000278E-003   4.1395359E-002    ;
           4.3500289E-003   4.2698938E-002    ;
           4.5000301E-003   4.3656249E-002    ;
           4.6500312E-003   4.4964306E-002    ;
           4.8000319E-003   4.6808008E-002    ;
           4.9500330E-003   4.8588127E-002    ;
           5.1000342E-003   4.9793009E-002    ;
           5.2500349E-003   5.0748415E-002    ;
           5.4000360E-003   5.2143574E-002    ;
           5.5500371E-003   5.4021996E-002    ;
           5.7000378E-003   5.5714659E-002    ;
           5.8500390E-003   5.6820206E-002    ;
           6.0000401E-003   5.7797756E-002    ;
           6.1500408E-003   5.9293408E-002    ;
           6.3000419E-003   6.1187986E-002    ;
           6.4500431E-003   6.2769428E-002    ;
           6.6000442E-003   6.3783467E-002    ;
           6.7500449E-003   6.4812809E-002    ;
           6.9000460E-003   6.6416152E-002    ;
           7.0500472E-003   6.8299130E-002    ;
           7.2000478E-003   6.9747567E-002    ;
           7.3500490E-003   7.0688777E-002    ;
           7.5000501E-003   7.1802899E-002    ;
           7.6500508E-003   7.3511191E-002    ;
           7.8000519E-003   7.5346202E-002    ;
           7.9500526E-003   7.6646224E-002    ;
           8.1000542E-003   7.7545673E-002    ;
           8.2500549E-003   7.8776933E-002    ;
           8.4000556E-003   8.0573812E-002    ;
           8.5500572E-003   8.2318395E-002    ;
           8.7000579E-003   8.3466187E-002    ;
           8.8500585E-003   8.4367171E-002    ;
           9.0000601E-003   8.5741535E-002    ;
           9.1500608E-003   8.7594397E-002    ;
           9.3000624E-003   8.9204937E-002    ;
           9.4500631E-003   9.0213560E-002    ;
           9.6000638E-003   9.1168821E-002    ;
           9.7500654E-003   9.2698798E-002    ;
           9.9000661E-003   9.4558373E-002    ;
           1.0050067E-002   9.5997602E-002    ;
           1.0200068E-002   9.6901000E-002    ;
           1.0350069E-002   9.7966515E-002    ;
           1.0500070E-002   9.9643908E-002    ;
           1.0650071E-002   1.0144744E-001    ;
           1.0800072E-002   1.0269382E-001    ;
           1.0950073E-002   1.0354782E-001    ;
           1.1100074E-002   1.0477317E-001    ;
           1.1250075E-002   1.0656341E-001    ;
           1.1400076E-002   1.0824246E-001    ;
           1.1550077E-002   1.0929996E-001    ;
           1.1700078E-002   1.1017834E-001    ;
           1.1850079E-002   1.1159444E-001    ;
           1.2000080E-002   1.1343504E-001    ;
           1.2150081E-002   1.1492804E-001    ;
           1.2300082E-002   1.1583355E-001    ;
           1.2450083E-002   1.1681799E-001    ;
           1.2600084E-002   1.1842442E-001    ;
           1.2750085E-002   1.2023004E-001    ;
           1.2900086E-002   1.2149826E-001    ;
           1.3050087E-002   1.2232335E-001    ;
           1.3200088E-002   1.2348706E-001    ;
           1.3350089E-002   1.2524287E-001    ;
           1.3500090E-002   1.2691866E-001    ;
           1.3650091E-002   1.2796214E-001    ;
           1.3800092E-002   1.2880582E-001    ;
           1.3950093E-002   1.3019334E-001    ;
           1.4100094E-002   1.3201568E-001    ;
           1.4250095E-002   1.3347843E-001    ;
           1.4400096E-002   1.3434680E-001    ;
           1.4550097E-002   1.3531749E-001    ;
           1.4700098E-002   1.3692525E-001    ;
           1.4850099E-002   1.3870004E-001    ;
           1.5000100E-002   1.3990384E-001    ;
           1.5150101E-002   1.4069580E-001    ;
           1.5300102E-002   1.4188400E-001    ;
           1.5450103E-002   1.4364898E-001    ;
           1.5600104E-002   1.4525531E-001    ;
           1.5750105E-002   1.4621405E-001    ;
           1.5900105E-002   1.4706095E-001    ;
           1.6050108E-002   1.4850816E-001    ;
           1.6200108E-002   1.5031214E-001    ;
           1.6350109E-002   1.5165731E-001    ;
           1.6500110E-002   1.5245485E-001    ;
           1.6650110E-002   1.5348761E-001    ;
           1.6800111E-002   1.5516187E-001    ;
           1.6950114E-002   1.5685625E-001    ;
           1.7100114E-002   1.5791228E-001    ;
           1.7250115E-002   1.5869094E-001    ;
           1.7400116E-002   1.5999670E-001    ;
           1.7550116E-002   1.6178678E-001    ;
           1.7700117E-002   1.6323648E-001    ;
           1.7850120E-002   1.6406409E-001    ;
           1.8000120E-002   1.6498770E-001    ;
           1.8150121E-002   1.6656962E-001    ;
           1.8300122E-002   1.6830792E-001    ;
           1.8450122E-002   1.6944332E-001    ;
           1.8600125E-002   1.7018814E-001    ;
           1.8750126E-002   1.7138568E-001    ;
           1.8900126E-002   1.7314450E-001    ;
           1.9050127E-002   1.7465940E-001    ;
           1.9200128E-002   1.7551655E-001    ;
           1.9350128E-002   1.7636932E-001    ;
           1.9500131E-002   1.7787717E-001    ;
           1.9650131E-002   1.7963070E-001    ;
           1.9800132E-002   1.8081535E-001    ;
           1.9950133E-002   1.8154165E-001    ;
           2.0100133E-002   1.8266782E-001    ;
           2.0250134E-002   1.8439692E-001    ;
           2.0400137E-002   1.8594167E-001    ;
           2.0550137E-002   1.8681225E-001    ;
           2.0700138E-002   1.8762293E-001    ;
           2.0850139E-002   1.8908538E-001    ;
           2.1000139E-002   1.9083792E-001    ;
           2.1150140E-002   1.9203700E-001    ;
           2.1300143E-002   1.9274735E-001    ;
           2.1450143E-002   1.9383855E-001    ;
           2.1600144E-002   1.9555032E-001    ;
           2.1750145E-002   1.9709377E-001    ;
           2.1900145E-002   1.9795379E-001    ;
           2.2050148E-002   1.9874501E-001    ;
           2.2200149E-002   2.0019515E-001    ;
           2.2350149E-002   2.0193681E-001    ;
           2.2500150E-002   2.0311391E-001    ;
           2.2650151E-002   2.0380566E-001    ;
           2.2800151E-002   2.0489796E-001    ;
           2.2950154E-002   2.0660825E-001    ;
           2.3100154E-002   2.0812018E-001    ;
           2.3250155E-002   2.0894392E-001    ;
           2.3400156E-002   2.0973791E-001    ;
           2.3550157E-002   2.1120940E-001    ;
           2.3700157E-002   2.1292934E-001    ;
           2.3850160E-002   2.1404767E-001    ;
           2.4000160E-002   2.1472062E-001    ;
           2.4150161E-002   2.1585141E-001    ;
           2.4300162E-002   2.1757239E-001    ;
           2.4450162E-002   2.1901929E-001    ;
           2.4600163E-002   2.1978514E-001    ;
           2.4750166E-002   2.2060984E-001    ;
