abaqus_uy = [
           0.0000000E+000   0.0000000E+000   ;
           1.5000100E-004   1.5000100E-003   ;
           3.0000199E-004   3.0000200E-003   ;
           4.5000299E-004   4.5000301E-003   ;
           6.0000399E-004   6.0000401E-003   ;
           7.5000501E-004   7.5000501E-003   ;
           9.0000598E-004   9.0000601E-003   ;
           1.0500069E-003   1.0500070E-002   ;
           1.2000080E-003   1.2000080E-002   ;
           1.3500090E-003   1.3500090E-002   ;
           1.5000100E-003   1.5000100E-002   ;
           1.6500111E-003   1.6500110E-002   ;
           1.8000120E-003   1.8000120E-002   ;
           1.9500130E-003   1.9500131E-002   ;
           2.1000139E-003   2.1000139E-002   ;
           2.2500150E-003   2.2500150E-002   ;
           2.4000159E-003   2.4000160E-002   ;
           2.5500171E-003   2.5500171E-002   ;
           2.7000180E-003   2.7000180E-002   ;
           2.8500189E-003   2.8500190E-002   ;
           3.0000200E-003   3.0000200E-002   ;
           3.1500210E-003   3.1500209E-002   ;
           3.3000221E-003   3.3000220E-002   ;
           3.4500230E-003   3.4500230E-002   ;
           3.6000239E-003   3.6000241E-002   ;
           3.7500251E-003   3.7500251E-002   ;
           3.9000260E-003   3.9000262E-002   ;
           4.0500271E-003   4.0500268E-002   ;
           4.2000278E-003   4.2000279E-002   ;
           4.3500289E-003   4.3500289E-002   ;
           4.5000301E-003   4.5000300E-002   ;
           4.6500312E-003   4.6500310E-002   ;
           4.8000319E-003   4.8000321E-002   ;
           4.9500330E-003   4.9500331E-002   ;
           5.1000342E-003   5.1000342E-002   ;
           5.2500349E-003   5.2500349E-002   ;
           5.4000360E-003   5.4000359E-002   ;
           5.5500371E-003   5.5500370E-002   ;
           5.7000378E-003   5.7000380E-002   ;
           5.8500390E-003   5.8500390E-002   ;
           6.0000401E-003   6.0000401E-002   ;
           6.1500408E-003   6.1500411E-002   ;
           6.3000419E-003   6.3000418E-002   ;
           6.4500431E-003   6.4500429E-002   ;
           6.6000442E-003   6.6000439E-002   ;
           6.7500449E-003   6.7500450E-002   ;
           6.9000460E-003   6.9000460E-002   ;
           7.0500472E-003   7.0500471E-002   ;
           7.2000478E-003   7.2000481E-002   ;
           7.3500490E-003   7.3500492E-002   ;
           7.5000501E-003   7.5000502E-002   ;
           7.6500508E-003   7.6500513E-002   ;
           7.8000519E-003   7.8000523E-002   ;
           7.9500526E-003   7.9500534E-002   ;
           8.1000542E-003   8.1000537E-002   ;
           8.2500549E-003   8.2500547E-002   ;
           8.4000556E-003   8.4000558E-002   ;
           8.5500572E-003   8.5500568E-002   ;
           8.7000579E-003   8.7000579E-002   ;
           8.8500585E-003   8.8500589E-002   ;
           9.0000601E-003   9.0000600E-002   ;
           9.1500608E-003   9.1500610E-002   ;
           9.3000624E-003   9.3000621E-002   ;
           9.4500631E-003   9.4500631E-002   ;
           9.6000638E-003   9.6000642E-002   ;
           9.7500654E-003   9.7500652E-002   ;
           9.9000661E-003   9.9000663E-002   ;
           1.0050067E-002   1.0050067E-001   ;
           1.0200068E-002   1.0200068E-001   ;
           1.0350069E-002   1.0350069E-001   ;
           1.0500070E-002   1.0500070E-001   ;
           1.0650071E-002   1.0650071E-001   ;
           1.0800072E-002   1.0800072E-001   ;
           1.0950073E-002   1.0950073E-001   ;
           1.1100074E-002   1.1100074E-001   ;
           1.1250075E-002   1.1250075E-001   ;
           1.1400076E-002   1.1400076E-001   ;
           1.1550077E-002   1.1550077E-001   ;
           1.1700078E-002   1.1700078E-001   ;
           1.1850079E-002   1.1850079E-001   ;
           1.2000080E-002   1.2000080E-001   ;
           1.2150081E-002   1.2150081E-001   ;
           1.2300082E-002   1.2300082E-001   ;
           1.2450083E-002   1.2450083E-001   ;
           1.2600084E-002   1.2600084E-001   ;
           1.2750085E-002   1.2750085E-001   ;
           1.2900086E-002   1.2900086E-001   ;
           1.3050087E-002   1.3050087E-001   ;
           1.3200088E-002   1.3200088E-001   ;
           1.3350089E-002   1.3350089E-001   ;
           1.3500090E-002   1.3500090E-001   ;
           1.3650091E-002   1.3650091E-001   ;
           1.3800092E-002   1.3800092E-001   ;
           1.3950093E-002   1.3950093E-001   ;
           1.4100094E-002   1.4100094E-001   ;
           1.4250095E-002   1.4250095E-001   ;
           1.4400096E-002   1.4400096E-001   ;
           1.4550097E-002   1.4550097E-001   ;
           1.4700098E-002   1.4700098E-001   ;
           1.4850099E-002   1.4850099E-001   ;
           1.5000100E-002   1.5000100E-001   ;
           1.5150101E-002   1.5150101E-001   ;
           1.5300102E-002   1.5300103E-001   ;
           1.5450103E-002   1.5450104E-001   ;
           1.5600104E-002   1.5600105E-001   ;
           1.5750105E-002   1.5750106E-001   ;
           1.5900105E-002   1.5900107E-001   ;
           1.6050108E-002   1.6050106E-001   ;
           1.6200108E-002   1.6200107E-001   ;
           1.6350109E-002   1.6350108E-001   ;
           1.6500110E-002   1.6500109E-001   ;
           1.6650110E-002   1.6650110E-001   ;
           1.6800111E-002   1.6800112E-001   ;
           1.6950114E-002   1.6950113E-001   ;
           1.7100114E-002   1.7100114E-001   ;
           1.7250115E-002   1.7250115E-001   ;
           1.7400116E-002   1.7400116E-001   ;
           1.7550116E-002   1.7550117E-001   ;
           1.7700117E-002   1.7700118E-001   ;
           1.7850120E-002   1.7850119E-001   ;
           1.8000120E-002   1.8000120E-001   ;
           1.8150121E-002   1.8150121E-001   ;
           1.8300122E-002   1.8300122E-001   ;
           1.8450122E-002   1.8450123E-001   ;
           1.8600125E-002   1.8600124E-001   ;
           1.8750126E-002   1.8750125E-001   ;
           1.8900126E-002   1.8900126E-001   ;
           1.9050127E-002   1.9050127E-001   ;
           1.9200128E-002   1.9200128E-001   ;
           1.9350128E-002   1.9350129E-001   ;
           1.9500131E-002   1.9500130E-001   ;
           1.9650131E-002   1.9650131E-001   ;
           1.9800132E-002   1.9800133E-001   ;
           1.9950133E-002   1.9950134E-001   ;
           2.0100133E-002   2.0100135E-001   ;
           2.0250134E-002   2.0250136E-001   ;
           2.0400137E-002   2.0400137E-001   ;
           2.0550137E-002   2.0550136E-001   ;
           2.0700138E-002   2.0700137E-001   ;
           2.0850139E-002   2.0850138E-001   ;
           2.1000139E-002   2.1000139E-001   ;
           2.1150140E-002   2.1150140E-001   ;
           2.1300143E-002   2.1300142E-001   ;
           2.1450143E-002   2.1450143E-001   ;
           2.1600144E-002   2.1600144E-001   ;
           2.1750145E-002   2.1750145E-001   ;
           2.1900145E-002   2.1900146E-001   ;
           2.2050148E-002   2.2050147E-001   ;
           2.2200149E-002   2.2200148E-001   ;
           2.2350149E-002   2.2350149E-001   ;
           2.2500150E-002   2.2500150E-001   ;
           2.2650151E-002   2.2650151E-001   ;
           2.2800151E-002   2.2800152E-001   ;
           2.2950154E-002   2.2950153E-001   ;
           2.3100154E-002   2.3100154E-001   ;
           2.3250155E-002   2.3250155E-001   ;
           2.3400156E-002   2.3400156E-001   ;
           2.3550157E-002   2.3550157E-001   ;
           2.3700157E-002   2.3700158E-001   ;
           2.3850160E-002   2.3850159E-001   ;
           2.4000160E-002   2.4000160E-001   ;
           2.4150161E-002   2.4150161E-001   ;
           2.4300162E-002   2.4300162E-001   ;
           2.4450162E-002   2.4450164E-001   ;
           2.4600163E-002   2.4600165E-001   ;
           2.4750166E-002   2.4750166E-001   ;
           2.4900166E-002   2.4900167E-001   ;
           2.5050167E-002   2.5050166E-001   ;
           2.5200168E-002   2.5200167E-001   ;
