abaqus_epstrain = [
           0.0000000E+000   0.0000000E+000    ;
           1.1830227E-005   0.0000000E+000    ;
           2.3660330E-005   0.0000000E+000    ;
           3.5490222E-005   5.6742090E-005    ;
           4.8486327E-005   1.2008497E-004    ;
           6.2211686E-005   1.8635765E-004    ;
           7.6350669E-005   2.5361218E-004    ;
           9.0710906E-005   3.2050454E-004    ;
           1.0518587E-004   3.8604936E-004    ;
           1.1971899E-004   4.4959012E-004    ;
           1.3428128E-004   5.1066180E-004    ;
           1.4885837E-004   5.6875782E-004    ;
           1.6344269E-004   6.2350021E-004    ;
           1.7803040E-004   6.7463645E-004    ;
           1.9261999E-004   7.2177389E-004    ;
           2.0721041E-004   7.6460501E-004    ;
           2.2180099E-004   8.0299133E-004    ;
           2.3639182E-004   8.3662942E-004    ;
           2.5098273E-004   8.6526212E-004    ;
           2.6557344E-004   8.8885397E-004    ;
           2.8016421E-004   9.0721057E-004    ;
           2.9475504E-004   9.2013215E-004    ;
           3.0934566E-004   9.2767918E-004    ;
           3.2393631E-004   9.2978298E-004    ;
           3.3852711E-004   9.2978298E-004    ;
           3.5035491E-004   9.2978298E-004    ;
           3.6218271E-004   9.2978298E-004    ;
           3.7401062E-004   9.2978298E-004    ;
           3.8583856E-004   9.2978298E-004    ;
           3.9766642E-004   9.2978298E-004    ;
           4.0949421E-004   9.2978298E-004    ;
           4.2132207E-004   9.2978298E-004    ;
           4.3314998E-004   9.2978298E-004    ;
           4.4497784E-004   9.2978298E-004    ;
           4.5680563E-004   9.2978298E-004    ;
           4.6863349E-004   9.2978298E-004    ;
           4.8046143E-004   9.2978298E-004    ;
           4.9228931E-004   9.2978298E-004    ;
           5.0411711E-004   9.2978298E-004    ;
           5.1594496E-004   9.2978298E-004    ;
           5.2777288E-004   9.2978298E-004    ;
           5.3960073E-004   9.2978298E-004    ;
           5.5142853E-004   9.2978298E-004    ;
           5.6325638E-004   9.2978298E-004    ;
           5.7508430E-004   9.2978298E-004    ;
           5.8691221E-004   9.2978298E-004    ;
           5.9874001E-004   9.2978298E-004    ;
           6.1056780E-004   9.2978298E-004    ;
           6.2239572E-004   9.2978298E-004    ;
           6.3422363E-004   9.2978298E-004    ;
           6.4605143E-004   9.2978298E-004    ;
           6.5787922E-004   9.2978298E-004    ;
           6.6970714E-004   9.2978298E-004    ;
           6.8153505E-004   9.2978298E-004    ;
           6.9336290E-004   9.2978298E-004    ;
           7.0519070E-004   9.2978298E-004    ;
           7.1701856E-004   9.2978298E-004    ;
           7.2884647E-004   9.2978298E-004    ;
           7.4067432E-004   9.2978298E-004    ;
           7.5250212E-004   9.2978298E-004    ;
           7.6432998E-004   9.2978298E-004    ;
           7.7615789E-004   9.2978298E-004    ;
           7.8798574E-004   9.2978298E-004    ;
           7.9981354E-004   9.2978298E-004    ;
           8.1164134E-004   9.2978298E-004    ;
           8.2346925E-004   9.2978298E-004    ;
           8.3529716E-004   9.2978298E-004    ;
           8.4712496E-004   9.2978298E-004    ;
           8.5895282E-004   9.2978298E-004    ;
           8.7078073E-004   9.2978298E-004    ;
           8.8260864E-004   9.2978298E-004    ;
           8.9442043E-004   9.2978298E-004    ;
           9.0621604E-004   9.2978298E-004    ;
           9.1799552E-004   9.2978298E-004    ;
           9.2975888E-004   9.2978298E-004    ;
           9.4150612E-004   9.2978298E-004    ;
           9.5323718E-004   9.2978298E-004    ;
           9.6495211E-004   9.2978298E-004    ;
           9.7665086E-004   9.2978298E-004    ;
           9.8833349E-004   9.2978298E-004    ;
           1.0000000E-003   9.2978298E-004
];



