%%%
%%%  JOB TITLE : NON-LINEAR DYNAMIC EXPLICIT SOLVER TEST SERIES -- TEST 3: RUBBER BENDING LOAD TEST I
%%%  JOB ID    : {99198b15-b63c-4e90-8684-6fc645a3e920}
%%%  SUBMITED ON : 17 September 2013, 15:06:32
%%%
%%% ------
%%%
%%%  THIS IS STEP  0 : Transient analysis with no hourglass control

plastic_test = [
    3.9999999999999981e-006    5.0000000000000000e+004    3.8376396178712989e-007    4.5891423367694730e+005    1.0812514109325111e+006    4.5891423367694730e+005    0.0000000000000000e+000    0.0000000000000000e+000    0.0000000000000000e+000    0.0000000000000000e+000    0.0000000000000000e+000    0.0000000000000000e+000    0.0000000000000000e+000 ; 
    7.9999999999999946e-006    5.0000000000000000e+004    1.5315410804073473e-006    1.7562572341333786e+006    4.2699667677552933e+006    1.7562572341154441e+006    0.0000000000000000e+000    0.0000000000000000e+000    0.0000000000000000e+000    0.0000000000000000e+000    0.0000000000000000e+000    0.0000000000000000e+000    0.0000000000000000e+000 ; 
    1.1999999999999990e-005    5.0000000000000000e+004    3.3150147814633683e-006    3.5280017680915021e+006    9.0782191492448635e+006    3.5280017680915026e+006    0.0000000000000000e+000    0.0000000000000000e+000    0.0000000000000000e+000    0.0000000000000000e+000    0.0000000000000000e+000    0.0000000000000000e+000    0.0000000000000000e+000 ; 
    1.5999999999999992e-005    5.0000000000000000e+004    5.5406364220458746e-006    5.2551248643078348e+006    1.4788094071958678e+007    5.2551248643257692e+006    0.0000000000000000e+000    0.0000000000000000e+000    0.0000000000000000e+000    0.0000000000000000e+000    0.0000000000000000e+000    0.0000000000000000e+000    0.0000000000000000e+000 ; 
    2.0000000000000022e-005    5.0000000000000000e+004    7.9784413245590020e-006    6.3823326260594623e+006    2.0583466069595501e+007    6.3823326260773968e+006    0.0000000000000000e+000    0.0000000000000000e+000    0.0000000000000000e+000    0.0000000000000000e+000    0.0000000000000000e+000    0.0000000000000000e+000    0.0000000000000000e+000 ; 
    2.4000000000000051e-005    5.0000000000000000e+004    1.0394819326009355e-005    6.4474022226015748e+006    2.5696438522789266e+007    6.4474022226015758e+006    0.0000000000000000e+000    0.0000000000000000e+000    0.0000000000000000e+000    0.0000000000000000e+000    0.0000000000000000e+000    0.0000000000000000e+000    0.0000000000000000e+000 ; 
    2.8000000000000081e-005    5.0000000000000000e+004    1.2596465642551220e-005    6.4620736977533251e+006    2.7001313402031917e+007    6.4620736977718426e+006    4.4561165637004738e-005    -2.3763074868576792e-005    4.7526149737164398e-005    -2.3763074868587603e-005    -8.7840847038676616e-017    5.1616260765665860e-018    -8.8951113223872121e-017 ; 
    3.2000000000000087e-005    5.0000000000000000e+004    1.4515250093778931e-005    5.1633290318588037e+006    2.6744066210374523e+007    5.1633290318593206e+006    9.4699485139148278e-005    -4.8812426988789723e-005    9.7624853977589028e-005    -4.8812426988799278e-005    -1.3418593512740257e-016    7.3342507856251558e-018    -1.1495938703246735e-016 ; 
    3.6000000000000048e-005    5.0000000000000000e+004    1.6165465018770935e-005    2.7532478203199129e+006    2.5120815448553871e+007    2.7532478203212116e+006    1.4680297020270414e-004    -7.4827829103614262e-005    1.4965565820725270e-004    -7.4827829103638386e-005    -1.5861745605253253e-016    6.0064407925151073e-018    -1.1379286719801273e-016 ; 
    4.0000000000000010e-005    5.0000000000000000e+004    1.7610010584357927e-005    -3.9405275555607339e+005    2.2737984688740935e+007    -3.9405275553541427e+005    1.9730111749840075e-004    -1.0002443165705800e-004    2.0004886331416663e-004    -1.0002443165710862e-004    -2.1414404615359787e-016    1.4173155743547561e-017    -1.5730354420573467e-016 ; 
    4.3999999999999972e-005    5.0000000000000000e+004    1.8942156740628332e-005    -3.7381938681894392e+006    2.0339197682412516e+007    -3.7381938681868054e+006    2.4561065642460055e-004    -1.2280532821227583e-004    2.4561065642460060e-004    -1.2280532821232472e-004    -2.5097617231891845e-016    9.7052809505737570e-018    -2.0202820372758156e-016 ; 
    4.7999999999999933e-005    5.0000000000000000e+004    2.0261509313270775e-005    -6.4954809055849081e+006    1.8267723082793497e+007    -6.4954809056001501e+006    2.8869617547305066e-004    -1.4557113192118729e-004    2.9114226384242462e-004    -1.4557113192123733e-004    -2.6781704126959045e-016    7.7657541708463272e-018    -2.3722580264128127e-016 ; 
    5.1999999999999895e-005    5.0000000000000000e+004    2.1648833032960527e-005    -8.2056985662575634e+006    1.7198266072366055e+007    -8.2056985662199734e+006    3.3111986400971935e-004    -1.6668612256155773e-004    3.3337224512314717e-004    -1.6668612256158958e-004    -2.5058668657495966e-016    1.8795112085771594e-018    -2.2687018447859133e-016 ; 
    5.5999999999999857e-005    5.0000000000000000e+004    2.3145024814942181e-005    -8.6065143155757263e+006    1.7550392327987175e+007    -8.6065143155394588e+006    3.6978202388921800e-004    -1.8489101194460537e-004    3.6978202388921800e-004    -1.8489101194461274e-004    -2.4922503439564421e-016    2.8957645063235129e-018    -2.3425706779472610e-016 ; 
    5.9999999999999819e-005    5.0000000000000000e+004    2.4738742996646155e-005    -7.5497591034840150e+006    1.9122473824688829e+007    -7.5497591034837486e+006    4.0239103149614899e-004    -2.0209085101535978e-004    4.0418170203072445e-004    -2.0209085101536472e-004    -2.3376956099018844e-016    2.8487782949901126e-018    -2.2655528446964836e-016 ; 
    6.3999999999999875e-005    5.0000000000000000e+004    2.6365219477636114e-005    -5.3518382205915814e+006    2.1772585459053263e+007    -5.3518382205914399e+006    4.3241624491898166e-004    -2.1697196326757599e-004    4.3394392653515454e-004    -2.1697196326757862e-004    -2.1337385732899179e-016    1.5694953555260880e-018    -2.0888095539798659e-016 ; 
    6.7999999999999972e-005    5.0000000000000000e+004    2.7916932547575346e-005    -2.5386396402501659e+006    2.5071279930905618e+007    -2.5386396402671575e+006    4.5747114890156419e-004    -2.2873557445077331e-004    4.5747114890156419e-004    -2.2873557445079096e-004    -2.2470505215281227e-016    5.3209813868133955e-018    -2.0940588640190785e-016 ; 
    7.2000000000000070e-005    5.0000000000000000e+004    2.9263433976288632e-005    3.3912571109110303e+005    2.8243700108961780e+007    3.3912571105655545e+005    4.7624767884681243e-004    -2.3860007482451822e-004    4.7720014964906099e-004    -2.3860007482454291e-004    -2.3856662464783076e-016    4.0147497173055726e-018    -2.1698441668097229e-016 ; 
    7.6000000000000167e-005    5.0000000000000000e+004    3.0276433365548795e-005    2.6167772048279461e+006    3.0742445120427426e+007    2.6167772048296072e+006    4.9076000495561786e-004    -2.4570332658036193e-004    4.9140665316075454e-004    -2.4570332658039288e-004    -2.5892925516715872e-016    2.5317551801298048e-018    -2.3210350888276418e-016 ; 
    8.0000000000000264e-005    5.0000000000000000e+004    3.0855176536469920e-005    3.7896501664357609e+006    3.2094072794999003e+007    3.7896501664376580e+006    4.9917437026126611e-004    -2.4975370485484058e-004    4.9950740970971619e-004    -2.4975370485487604e-004    -2.7831319750538087e-016    3.4276779003154818e-018    -2.4920544709591378e-016 ; 
    8.4000000000000361e-005    5.0000000000000000e+004    3.0946060312496349e-005    3.6230608134292536e+006    3.1990743539837614e+007    3.6230608134132843e+006    5.0228132913983565e-004    -2.5114066456989977e-004    5.0228132913983554e-004    -2.5114066456993637e-004    -2.8449999547952901e-016    3.5743812445258426e-018    -2.5455982617583161e-016 ; 
